0.0 0.8125 0.6334519572953736 0.01875 0.14590747330960854
0.0 0.553125 0.6192170818505338 0.021875 0.099644128113879
0.0 0.1921875 0.5551601423487544 0.0046875 0.028469750889679714
0.0 0.9953125 0.8754448398576512 0.009375 0.24555160142348753
0.0 0.878125 0.7508896797153025 0.0515625 0.298932384341637
0.0 0.6046875 0.7900355871886121 0.0578125 0.17793594306049823
0.0 0.8375 0.5587188612099644 0.0140625 0.08896797153024912
0.0 0.5515625 0.7508896797153025 0.0484375 0.16370106761565836
0.0 0.33125 0.6654804270462633 0.040625 0.23843416370106763
0.0 0.6890625 0.6156583629893239 0.0203125 0.1494661921708185
0.0 0.9828125 0.6797153024911032 0.0328125 0.10676156583629894
0.0 0.45625 0.7935943060498221 0.121875 0.3879003558718861
0.0 0.3703125 0.6298932384341637 0.0203125 0.1387900355871886
0.0 0.525 0.594306049822064 0.784375 0.24199288256227758
