0.0 0.58125 0.49375 0.0921875 0.17291666666666666
0.0 0.2921875 0.3875 0.08125 0.22916666666666666
0.0 0.534375 0.14791666666666667 0.0171875 0.04583333333333333
0.0 0.7375 0.46458333333333335 0.05625 0.12916666666666668
0.0 0.6328125 0.475 0.0765625 0.125
0.0 0.8046875 0.5 0.1046875 0.17083333333333334
0.0 0.4671875 0.48125 0.0859375 0.18541666666666667
0.0 0.5125 0.45625 0.05625 0.15416666666666667
0.0 0.9109375 0.5104166666666666 0.09375 0.19583333333333333
0.0 0.8375 0.47291666666666665 0.0609375 0.14166666666666666
0.0 0.703125 0.5 0.1046875 0.20208333333333334
