0.0 0.3609375 0.8085106382978723 0.0421875 0.15602836879432624
0.0 0.68125 0.7635933806146572 0.0515625 0.2198581560283688
0.0 0.3296875 0.8085106382978723 0.021875 0.06855791962174941
0.0 0.23125 0.8108747044917257 0.1046875 0.30969267139479906
0.0 0.5390625 0.75177304964539 0.0640625 0.2860520094562648
0.0 0.803125 0.7470449172576832 0.0578125 0.28368794326241137
0.0 0.0234375 0.7635933806146572 0.0375 0.16548463356973994
0.0 0.734375 0.7659574468085106 0.075 0.23404255319148937
0.0 0.4375 0.7635933806146572 0.053125 0.23877068557919623
0.0 0.725 0.7470449172576832 0.046875 0.2695035460992908
0.0 0.615625 0.8037825059101655 0.1375 0.3900709219858156
0.0 0.2953125 0.7470449172576832 0.053125 0.20567375886524822
