0.0 0.21875 0.9458333333333333 0.1484375 0.10625
0.0 0.525 0.6145833333333334 0.0796875 0.18125
0.0 0.5546875 0.875 0.0703125 0.19583333333333333
0.0 0.659375 0.6333333333333333 0.06875 0.12291666666666666
0.0 0.9046875 0.75625 0.190625 0.4666666666666667
0.0 0.621875 0.41458333333333336 0.0234375 0.029166666666666667
0.0 0.7078125 0.8395833333333333 0.0859375 0.13541666666666666
0.0 0.7203125 0.5979166666666667 0.06875 0.20833333333333334
0.0 0.596875 0.8854166666666666 0.1453125 0.22708333333333333
0.0 0.3953125 0.925 0.215625 0.11875
0.0 0.4875 0.9354166666666667 0.0890625 0.12916666666666668
0.0 0.1015625 0.45625 0.0390625 0.11666666666666667
0.0 0.5 0.5 1.0 1.0
