0.0 0.946875 0.4964705882352941 0.09375 0.4894117647058824
0.0 0.93125 0.6752941176470588 0.1375 0.6470588235294118
0.0 0.821875 0.3788235294117647 0.0328125 0.09176470588235294
0.0 0.0546875 0.4470588235294118 0.1109375 0.3764705882352941
0.0 0.56875 0.3952941176470588 0.0546875 0.14588235294117646
0.0 0.4578125 0.5364705882352941 0.05625 0.1976470588235294
0.0 0.284375 0.5458823529411765 0.4328125 0.88
0.0 0.3921875 0.3952941176470588 0.0453125 0.17882352941176471
0.0 0.4171875 0.4329411764705882 0.028125 0.08941176470588236
0.0 0.3296875 0.44 0.0625 0.32
0.0 0.640625 0.548235294117647 0.5421875 0.88
0.0 0.496875 0.4611764705882353 0.0484375 0.3458823529411765
0.0 0.778125 0.3411764705882353 0.0890625 0.16470588235294117
