0.0 0.7421875 0.8644859813084113 0.0875 0.25
0.0 0.84375 0.8247663551401869 0.0671875 0.2102803738317757
0.0 0.6296875 0.7406542056074766 0.0234375 0.06542056074766354
0.0 0.9015625 0.7336448598130841 0.015625 0.03271028037383177
0.0 0.775 0.8294392523364486 0.0515625 0.24532710280373832
0.0 0.5 0.8317757009345794 0.0921875 0.2780373831775701
0.0 0.9390625 0.719626168224299 0.015625 0.04439252336448598
0.0 0.490625 0.8738317757009346 0.05625 0.17289719626168223
0.0 0.959375 0.7313084112149533 0.0140625 0.03271028037383177
0.0 0.69375 0.852803738317757 0.0640625 0.2570093457943925
0.0 0.4046875 0.7406542056074766 0.025 0.06542056074766354
0.0 0.6 0.7336448598130841 0.0125 0.0630841121495327
