0.0 0.225 0.5573770491803278 0.0703125 0.20608899297423888
0.0 0.7765625 0.4918032786885246 0.046875 0.24355971896955503
0.0 0.190625 0.48243559718969553 0.015625 0.04918032786885246
0.0 0.275 0.5456674473067916 0.1140625 0.19437939110070257
0.0 0.94375 0.468384074941452 0.1125 0.6533957845433255
0.0 0.175 0.5573770491803278 0.059375 0.21311475409836064
0.0 0.5328125 0.5269320843091335 0.35 0.6159250585480094
0.0 0.153125 0.5573770491803278 0.05625 0.22482435597189696
0.0 0.0578125 0.5035128805620609 0.0390625 0.11943793911007025
0.0 0.178125 0.48243559718969553 0.01875 0.0468384074941452
0.0 0.084375 0.468384074941452 0.03125 0.07259953161592506
0.0 0.3421875 0.5433255269320844 0.09375 0.20140515222482436
0.0 0.328125 0.44028103044496486 0.0296875 0.06791569086651054
0.0 0.446875 0.4098360655737705 0.890625 0.5620608899297423
