0.0 0.40705882352941175 0.253125 0.3623529411764706 0.36875
0.0 0.0988235294117647 0.225 0.15294117647058825 0.3140625
0.0 0.7764705882352941 0.146875 0.12705882352941175 0.178125
0.0 0.971764705882353 0.178125 0.05647058823529412 0.10625
0.0 0.6305882352941177 0.2640625 0.1976470588235294 0.228125
0.0 0.31058823529411766 0.60625 0.4235294117647059 0.3625
0.0 0.908235294117647 0.29375 0.18352941176470589 0.321875
0.0 0.17176470588235293 0.3 0.11294117647058824 0.45
0.0 0.2776470588235294 0.2140625 0.20705882352941177 0.3921875
0.0 0.7623529411764706 0.3203125 0.19294117647058823 0.196875
0.0 0.6070588235294118 0.84375 0.6447058823529411 0.3078125
0.0 0.6705882352941176 0.15625 0.21176470588235294 0.140625
0.0 0.12941176470588237 0.6015625 0.2564705882352941 0.796875
0.0 0.4988235294117647 0.2953125 1.0 0.534375
