0.0 0.20625 0.5520833333333334 0.3703125 0.8708333333333333
0.0 0.4484375 0.61875 0.159375 0.7625
0.0 0.6421875 0.36666666666666664 0.04375 0.08125
0.0 0.690625 0.39791666666666664 0.08125 0.08125
0.0 0.2171875 0.3458333333333333 0.0640625 0.1
0.0 0.3828125 0.39166666666666666 0.090625 0.22291666666666668
0.0 0.975 0.35833333333333334 0.05 0.10208333333333333
0.0 0.334375 0.48125 0.1859375 0.47708333333333336
0.0 0.9328125 0.35 0.05625 0.09375
0.0 0.765625 0.5666666666666667 0.4671875 0.8395833333333333
0.0 0.60625 0.6104166666666667 0.3046875 0.7770833333333333
0.0 0.8859375 0.33958333333333335 0.04375 0.09791666666666667
