0.0 0.1140625 0.6749116607773852 0.203125 0.627208480565371
0.0 0.4421875 0.18197879858657243 0.1265625 0.22968197879858657
0.0 0.5734375 0.8180212014134276 0.259375 0.3303886925795053
0.0 0.3453125 0.8356890459363958 0.2328125 0.30565371024734983
0.0 0.2609375 0.6819787985865724 0.15 0.5724381625441696
0.0 0.3796875 0.3374558303886926 0.1453125 0.22084805653710246
0.0 0.5796875 0.24558303886925795 0.0828125 0.15901060070671377
0.0 0.915625 0.823321554770318 0.1671875 0.3303886925795053
0.0 0.534375 0.2597173144876325 0.0796875 0.09363957597173145
0.0 0.5453125 0.5901060070671378 0.1859375 0.4134275618374558
0.0 0.76875 0.7968197879858657 0.234375 0.4045936395759717
0.0 0.4296875 0.284452296819788 0.0765625 0.15901060070671377
0.0 0.25 0.3215547703180212 0.1421875 0.2067137809187279
0.0 0.5 0.4752650176678445 0.940625 0.9328621908127208
