0.0 0.334 0.6266666666666667 0.06 0.17866666666666667
0.0 0.598 0.5813333333333334 0.018 0.09333333333333334
0.0 0.96 0.608 0.07 0.33066666666666666
0.0 0.816 0.5626666666666666 0.036 0.104
0.0 0.752 0.528 0.01 0.034666666666666665
0.0 0.648 0.528 0.004 0.02666666666666667
0.0 0.86 0.5786666666666667 0.052 0.184
0.0 0.66 0.5333333333333333 0.01 0.032
0.0 0.226 0.7333333333333333 0.136 0.5226666666666666
0.0 0.834 0.5546666666666666 0.012 0.06666666666666667
0.0 0.546 0.6213333333333333 0.086 0.2906666666666667
0.0 0.506 0.6213333333333333 0.054 0.22666666666666666
0.0 0.676 0.568 0.016 0.072
0.0 0.772 0.536 0.112 0.07466666666666667
