0.0 0.2015625 0.5872576177285319 0.04375 0.0886426592797784
0.0 0.103125 0.5650969529085873 0.0078125 0.030470914127423823
0.0 0.3546875 0.6537396121883656 0.0296875 0.1883656509695291
0.0 0.021875 0.6509695290858726 0.0453125 0.23268698060941828
0.0 0.2328125 0.5789473684210527 0.028125 0.08033240997229917
0.0 0.4203125 0.6481994459833795 0.0328125 0.2299168975069252
0.0 0.2734375 0.6731301939058172 0.028125 0.17174515235457063
0.0 0.4171875 0.5318559556786704 0.028125 0.060941828254847646
0.0 0.0421875 0.5650969529085873 0.0046875 0.0221606648199446
0.0 0.1484375 0.6869806094182825 0.025 0.16620498614958448
0.0 0.3296875 0.590027700831025 0.0265625 0.12465373961218837
0.0 0.0328125 0.7562326869806094 0.065625 0.16620498614958448
0.0 0.109375 0.7451523545706371 0.0734375 0.1634349030470914
0.0 0.20625 0.6509695290858726 0.328125 0.19113573407202217
