0.0 0.1375 0.3770833333333333 0.034375 0.1625
0.0 0.09375 0.3854166666666667 0.0578125 0.22916666666666666
0.0 0.0109375 0.5645833333333333 0.021875 0.25416666666666665
0.0 0.671875 0.6979166666666666 0.2234375 0.58125
0.0 0.9265625 0.6333333333333333 0.1453125 0.48125
0.0 0.0171875 0.3770833333333333 0.034375 0.19791666666666666
0.0 0.1671875 0.4166666666666667 0.05625 0.30416666666666664
0.0 0.0078125 0.31666666666666665 0.0171875 0.0375
0.0 0.3515625 0.4395833333333333 0.0375 0.18333333333333332
0.0 0.271875 0.6020833333333333 0.1984375 0.75
0.0 0.1953125 0.3645833333333333 0.046875 0.175
0.0 0.36875 0.41041666666666665 0.03125 0.3458333333333333
0.0 0.04375 0.42083333333333334 0.06875 0.325
