0.0 0.2296875 0.34894613583138173 0.071875 0.4379391100702576
0.0 0.1515625 0.30679156908665106 0.0796875 0.11241217798594848
0.0 0.3390625 0.27634660421545665 0.0375 0.22014051522248243
0.0 0.5234375 0.297423887587822 0.0328125 0.06791569086651054
0.0 0.428125 0.5597189695550351 0.1546875 0.25995316159250587
0.0 0.5609375 0.5152224824355972 0.1390625 0.22716627634660422
0.0 0.3125 0.2693208430913349 0.0359375 0.20608899297423888
0.0 0.5859375 0.27400468384074944 0.059375 0.0702576112412178
0.0 0.5515625 0.3700234192037471 0.096875 0.1522248243559719
0.0 0.4359375 0.2927400468384075 0.040625 0.08430913348946135
0.0 0.525 0.3091334894613583 0.0578125 0.08196721311475409
0.0 0.75625 0.3255269320843091 0.0953125 0.09601873536299765
0.0 0.2828125 0.2646370023419204 0.0484375 0.23185011709601874
0.0 0.35 0.45433255269320844 0.696875 0.6768149882903981
