0.0 0.49375 0.1615598885793872 0.05625 0.13649025069637882
0.0 0.1453125 0.16434540389972144 0.0609375 0.1309192200557103
0.0 0.5359375 0.11142061281337047 0.05625 0.1532033426183844
0.0 0.540625 0.18384401114206128 0.0484375 0.0947075208913649
0.0 0.4328125 0.17270194986072424 0.0625 0.12813370473537605
0.0 0.8125 0.1615598885793872 0.084375 0.14484679665738162
0.0 0.6828125 0.1671309192200557 0.0625 0.12534818941504178
0.0 0.7484375 0.16434540389972144 0.0640625 0.13370473537604458
0.0 0.621875 0.1671309192200557 0.0546875 0.12534818941504178
0.0 0.2015625 0.16434540389972144 0.071875 0.13370473537604458
0.0 0.2453125 0.116991643454039 0.0609375 0.20055710306406685
0.0 0.409375 0.5821727019498607 0.19375 0.5682451253481894
0.0 0.8984375 0.46518105849582175 0.096875 0.1977715877437326
0.0 0.5 0.1615598885793872 0.9984375 0.32590529247910865
