0.0 0.43125 0.25586854460093894 0.0859375 0.13849765258215962
0.0 0.125 0.2652582159624413 0.090625 0.11971830985915492
0.0 0.20625 0.2652582159624413 0.0640625 0.14084507042253522
0.0 0.896875 0.2535211267605634 0.115625 0.19953051643192488
0.0 0.63125 0.1619718309859155 0.0578125 0.323943661971831
0.0 0.2203125 0.5938967136150235 0.1109375 0.5469483568075117
0.0 0.690625 0.6502347417840375 0.1375 0.6971830985915493
0.0 0.3625 0.27230046948356806 0.0671875 0.10328638497652583
0.0 0.834375 0.05868544600938967 0.0890625 0.11971830985915492
0.0 0.7546875 0.2605633802816901 0.1203125 0.19483568075117372
0.0 0.7421875 0.3544600938967136 0.0859375 0.1643192488262911
0.0 0.4984375 0.6126760563380281 0.171875 0.676056338028169
0.0 0.58125 0.1596244131455399 0.0625 0.3215962441314554
