0.0 0.05 0.6027777777777777 0.0296875 0.14722222222222223
0.0 0.528125 0.5611111111111111 0.0125 0.075
0.0 0.5 0.5583333333333333 0.0109375 0.06666666666666667
0.0 0.0328125 0.55 0.0140625 0.044444444444444446
0.0 0.7125 0.5694444444444444 0.01875 0.07777777777777778
0.0 0.6109375 0.5638888888888889 0.015625 0.06111111111111111
0.0 0.646875 0.575 0.0125 0.07777777777777778
0.0 0.7703125 0.55 0.0125 0.05277777777777778
0.0 0.4484375 0.55 0.0140625 0.05
0.0 0.1015625 0.5694444444444444 0.025 0.08055555555555556
0.0 0.1921875 0.6027777777777777 0.0359375 0.175
0.0 0.74375 0.55 0.0109375 0.05555555555555555
0.0 0.9453125 0.575 0.0203125 0.09166666666666666
0.0 0.6171875 0.5611111111111111 0.65625 0.11944444444444445
