0.0 0.765625 0.9531615925058547 0.053125 0.0936768149882904
0.0 0.80625 0.8524590163934426 0.0625 0.26697892271662765
0.0 0.9203125 0.5175644028103045 0.028125 0.11007025761124122
0.0 0.80625 0.7494145199063232 0.0640625 0.1451990632318501
0.0 0.9453125 0.5269320843091335 0.0234375 0.09836065573770492
0.0 0.8375 0.594847775175644 0.028125 0.16627634660421545
0.0 0.471875 0.8407494145199064 0.090625 0.2857142857142857
0.0 0.5171875 0.6651053864168618 0.0546875 0.1990632318501171
0.0 0.971875 0.5035128805620609 0.0203125 0.07962529274004684
0.0 0.884375 0.5526932084309133 0.0125 0.07259953161592506
0.0 0.865625 0.5807962529274004 0.0296875 0.11475409836065574
0.0 0.5828125 0.5526932084309133 0.0234375 0.10772833723653395
0.0 0.79375 0.6463700234192038 0.034375 0.18032786885245902
0.0 0.940625 0.5035128805620609 0.11875 0.17096018735362997
