0.0 0.4296875 0.6020833333333333 0.0203125 0.06666666666666667
0.0 0.978125 0.6 0.0109375 0.03125
0.0 0.6078125 0.5791666666666667 0.009375 0.016666666666666666
0.0 0.9296875 0.5833333333333334 0.0078125 0.03125
0.0 0.8046875 0.6104166666666667 0.0140625 0.025
0.0 0.8234375 0.5958333333333333 0.0140625 0.04375
0.0 0.9546875 0.63125 0.015625 0.025
0.0 0.971875 0.63125 0.0234375 0.022916666666666665
0.0 0.9390625 0.625 0.0171875 0.03125
0.0 0.3828125 0.6125 0.0203125 0.05
0.0 0.6984375 0.7416666666666667 0.1921875 0.48125
0.0 0.959375 0.5875 0.009375 0.016666666666666666
0.0 0.946875 0.5895833333333333 0.0125 0.025
0.0 0.7359375 0.5958333333333333 0.41875 0.06041666666666667
