0.0 0.615625 0.22708333333333333 0.0078125 0.025
0.0 0.8875 0.04583333333333333 0.009375 0.022916666666666665
0.0 0.621875 0.21875 0.00625 0.025
0.0 0.8203125 0.2375 0.0046875 0.01875
0.0 0.5125 0.00625 0.0046875 0.014583333333333334
0.0 0.159375 0.09375 0.0046875 0.016666666666666666
0.0 0.9375 0.29583333333333334 0.0078125 0.029166666666666667
0.0 0.3578125 0.1625 0.00625 0.01875
0.0 0.9078125 0.04583333333333333 0.0046875 0.022916666666666665
0.0 0.9 0.04583333333333333 0.00625 0.022916666666666665
