0.0 0.4203125 0.28125 0.034375 0.052083333333333336
0.0 0.046875 0.6625 0.0953125 0.5270833333333333
0.0 0.315625 0.3 0.025 0.11041666666666666
0.0 0.153125 0.5895833333333333 0.1328125 0.49583333333333335
0.0 0.2 0.3145833333333333 0.034375 0.11666666666666667
0.0 0.371875 0.27291666666666664 0.0234375 0.07083333333333333
0.0 0.74375 0.5104166666666666 0.0796875 0.18333333333333332
0.0 0.2828125 0.4125 0.0609375 0.08125
0.0 0.6578125 0.43333333333333335 0.0703125 0.21666666666666667
0.0 0.296875 0.32708333333333334 0.034375 0.11666666666666667
0.0 0.925 0.5229166666666667 0.1375 0.19166666666666668
0.0 0.8234375 0.5375 0.09375 0.2125
0.0 0.321875 0.3125 0.2078125 0.13125
