0.0 0.86875 0.405152224824356 0.209375 0.30210772833723654
0.0 0.709375 0.7962529274004684 0.0171875 0.03044496487119438
0.0 0.43125 0.49414519906323184 0.0671875 0.1053864168618267
0.0 0.5015625 0.45901639344262296 0.0671875 0.1405152224824356
0.0 0.54375 0.819672131147541 0.0109375 0.01639344262295082
0.0 0.753125 0.7939110070257611 0.0140625 0.02576112412177986
0.0 0.6875 0.8056206088992974 0.0109375 0.01873536299765808
0.0 0.5203125 0.8173302107728337 0.0125 0.02576112412177986
0.0 0.8390625 0.7915690866510539 0.009375 0.01639344262295082
0.0 0.6484375 0.810304449648712 0.0078125 0.01873536299765808
0.0 0.78125 0.7915690866510539 0.0125 0.02576112412177986
0.0 0.7125 0.4215456674473068 0.103125 0.27400468384074944
0.0 0.65625 0.810304449648712 0.0140625 0.01873536299765808
