0.0 0.3234375 0.061224489795918366 0.0984375 0.11989795918367346
0.0 0.328125 0.5535714285714286 0.3703125 0.6785714285714286
0.0 0.7875 0.6938775510204082 0.29375 0.5714285714285714
0.0 0.2734375 0.025510204081632654 0.015625 0.04336734693877551
0.0 0.5375 0.7091836734693877 0.3171875 0.5255102040816326
0.0 0.20625 0.07142857142857142 0.1703125 0.1326530612244898
0.0 0.3671875 0.07908163265306123 0.10625 0.15816326530612246
0.0 0.0484375 0.061224489795918366 0.0984375 0.125
0.0 0.665625 0.09948979591836735 0.090625 0.20153061224489796
0.0 0.2359375 0.04336734693877551 0.084375 0.08673469387755102
0.0 0.4390625 0.08418367346938775 0.0765625 0.17091836734693877
