0.0 0.7383177570093458 0.8953125 0.011682242990654205 0.0265625
0.0 0.40654205607476634 0.88125 0.011682242990654205 0.0203125
0.0 0.6495327102803738 0.909375 0.02570093457943925 0.0546875
0.0 0.37383177570093457 0.8796875 0.016355140186915886 0.028125
0.0 0.43457943925233644 0.8875 0.004672897196261682 0.0109375
0.0 0.34813084112149534 0.8765625 0.011682242990654205 0.0203125
0.0 0.45560747663551404 0.884375 0.014018691588785047 0.03125
0.0 0.2523364485981308 0.909375 0.04205607476635514 0.0828125
0.0 0.5257009345794392 0.8890625 0.02102803738317757 0.0203125
0.0 0.5584112149532711 0.8875 0.02102803738317757 0.0234375
0.0 0.2967289719626168 0.875 0.014018691588785047 0.01875
0.0 0.1822429906542056 0.8984375 0.053738317757009345 0.0796875
0.0 0.2803738317757009 0.8765625 0.014018691588785047 0.0140625
0.0 0.5 0.8859375 1.0 0.1109375
