0.0 0.0734375 0.29375 0.05 0.11041666666666666
0.0 0.621875 0.26458333333333334 0.03125 0.12291666666666666
0.0 0.6484375 0.3104166666666667 0.0453125 0.13125
0.0 0.540625 0.21875 0.0203125 0.022916666666666665
0.0 0.7546875 0.2833333333333333 0.046875 0.18541666666666667
0.0 0.515625 0.6125 0.671875 0.7729166666666667
0.0 0.6984375 0.2833333333333333 0.05 0.19583333333333333
0.0 0.0265625 0.22708333333333333 0.0125 0.041666666666666664
0.0 0.5671875 0.22291666666666668 0.0265625 0.058333333333333334
0.0 0.59375 0.24166666666666667 0.03125 0.07708333333333334
