0.0 0.49375 0.407202216066482 0.103125 0.25761772853185594
0.0 0.478125 0.6592797783933518 0.1171875 0.23545706371191136
0.0 0.203125 0.37950138504155123 0.059375 0.18559556786703602
0.0 0.584375 0.26038781163434904 0.1078125 0.2880886426592798
0.0 0.81875 0.18559556786703602 0.09375 0.3074792243767313
0.0 0.384375 0.5429362880886427 0.0984375 0.2299168975069252
0.0 0.2703125 0.4487534626038781 0.0921875 0.2742382271468144
0.0 0.3953125 0.7534626038781164 0.09375 0.26038781163434904
0.0 0.2671875 0.8060941828254847 0.115625 0.24930747922437674
0.0 0.2765625 0.11080332409972299 0.059375 0.0997229916897507
0.0 0.325 0.30193905817174516 0.1015625 0.1883656509695291
0.0 0.6890625 0.7340720221606648 0.06875 0.27146814404432135
0.0 0.4359375 0.07756232686980609 0.0671875 0.15789473684210525
0.0 0.5 0.4986149584487535 1.0 1.0
