0.0 0.6453125 0.17708333333333334 0.0484375 0.125
0.0 0.234375 0.1375 0.16875 0.20625
0.0 0.7953125 0.22083333333333333 0.059375 0.225
0.0 0.95 0.2375 0.1 0.26666666666666666
0.0 0.1265625 0.14583333333333334 0.075 0.18958333333333333
0.0 0.840625 0.18958333333333333 0.040625 0.08333333333333333
0.0 0.515625 0.13333333333333333 0.125 0.19166666666666668
0.0 0.4171875 0.12916666666666668 0.06875 0.20416666666666666
0.0 0.909375 0.15625 0.05 0.06875
0.0 0.946875 0.18333333333333332 0.0734375 0.14583333333333334
0.0 0.7328125 0.21041666666666667 0.0875 0.3145833333333333
0.0 0.353125 0.13333333333333333 0.08125 0.19583333333333333
0.0 0.590625 0.1625 0.040625 0.13541666666666666
0.0 0.5 0.22916666666666666 1.0 0.37916666666666665
