0.0 0.475 0.633177570093458 0.00625 0.02102803738317757
0.0 0.0734375 0.6962616822429907 0.0125 0.0514018691588785
0.0 0.0140625 0.6892523364485982 0.0109375 0.053738317757009345
0.0 0.115625 0.705607476635514 0.0125 0.02336448598130841
0.0 0.26875 0.5981308411214953 0.00625 0.028037383177570093
0.0 0.0859375 0.7149532710280374 0.0109375 0.0514018691588785
0.0 0.0328125 0.6962616822429907 0.0109375 0.056074766355140186
0.0 0.428125 0.6308411214953271 0.00625 0.02570093457943925
0.0 0.4203125 0.6191588785046729 0.00625 0.016355140186915886
0.0 0.11875 0.7336448598130841 0.009375 0.0514018691588785
0.0 0.459375 0.6355140186915887 0.0046875 0.018691588785046728
0.0 0.103125 0.7149532710280374 0.0109375 0.056074766355140186
0.0 0.090625 0.6799065420560748 0.009375 0.011682242990654205
0.0 0.53125 0.6144859813084113 0.7078125 0.07242990654205607
