0.0 0.7254901960784313 0.5735294117647058 0.026143790849673203 0.0392156862745098
0.0 0.3611111111111111 0.29248366013071897 0.03104575163398693 0.032679738562091505
0.0 0.35947712418300654 0.5506535947712419 0.09640522875816994 0.10620915032679738
0.0 0.19607843137254902 0.6715686274509803 0.0196078431372549 0.06209150326797386
0.0 0.14215686274509803 0.6601307189542484 0.03104575163398693 0.08496732026143791
0.0 0.5163398692810458 0.5735294117647058 0.05718954248366013 0.05392156862745098
0.0 0.20261437908496732 0.6535947712418301 0.011437908496732025 0.03431372549019608
0.0 0.5049019607843137 0.27941176470588236 0.04084967320261438 0.03431372549019608
0.0 0.3088235294117647 0.2957516339869281 0.049019607843137254 0.03758169934640523
0.0 0.17647058823529413 0.6764705882352942 0.021241830065359478 0.05228758169934641
0.0 0.15849673202614378 0.6633986928104575 0.021241830065359478 0.05555555555555555
