0.0 0.575 0.7609375 0.01875 0.0296875
0.0 0.15833333333333333 0.7640625 0.0375 0.034375
0.0 0.6979166666666666 0.9546875 0.05 0.0890625
0.0 0.23958333333333334 0.9015625 0.09583333333333334 0.1078125
0.0 0.10625 0.7703125 0.027083333333333334 0.03125
0.0 0.36875 0.8703125 0.09375 0.0953125
0.0 0.39166666666666666 0.865625 0.06041666666666667 0.1
0.0 0.04583333333333333 0.8984375 0.06458333333333334 0.1109375
0.0 0.07708333333333334 0.7703125 0.029166666666666667 0.0359375
0.0 0.027083333333333334 0.771875 0.03958333333333333 0.0296875
0.0 0.8979166666666667 0.771875 0.029166666666666667 0.0390625
0.0 0.7229166666666667 0.9515625 0.05416666666666667 0.096875
0.0 0.55625 0.8234375 0.058333333333333334 0.046875
0.0 0.27291666666666664 0.746875 0.4583333333333333 0.0828125
