0.0 0.3671875 0.30414746543778803 0.0484375 0.22811059907834103
0.0 0.4375 0.4976958525345622 0.15625 0.836405529953917
0.0 0.540625 0.28110599078341014 0.040625 0.11059907834101383
0.0 0.6359375 0.29493087557603687 0.0765625 0.14285714285714285
0.0 0.50625 0.25806451612903225 0.053125 0.1935483870967742
0.0 0.5859375 0.2304147465437788 0.0359375 0.041474654377880185
0.0 0.903125 0.4608294930875576 0.128125 0.35253456221198154
0.0 0.6703125 0.42626728110599077 0.2078125 0.6912442396313364
0.0 0.54375 0.5691244239631337 0.1640625 0.6451612903225806
0.0 0.6625 0.5576036866359447 0.4875 0.8824884792626728
