0.0 0.5171875 0.06338028169014084 0.053125 0.12441314553990611
0.0 0.6203125 0.018779342723004695 0.065625 0.03755868544600939
0.0 0.7390625 0.046948356807511735 0.05 0.09389671361502347
0.0 0.8484375 0.04929577464788732 0.078125 0.08215962441314555
0.0 0.4234375 0.13849765258215962 0.134375 0.2793427230046948
0.0 0.9265625 0.06572769953051644 0.08125 0.1267605633802817
0.0 0.390625 0.6384976525821596 0.2546875 0.3004694835680751
0.0 0.775 0.03990610328638498 0.090625 0.08215962441314555
0.0 0.571875 0.06103286384976526 0.065625 0.12206572769953052
0.0 0.678125 0.04929577464788732 0.071875 0.09859154929577464
