0.0 0.7671875 0.7447306791569087 0.1546875 0.06791569086651054
0.0 0.5453125 0.7306791569086651 0.0484375 0.07494145199063232
0.0 0.20625 0.8056206088992974 0.0421875 0.03981264637002342
0.0 0.1296875 0.819672131147541 0.115625 0.07494145199063232
0.0 0.6625 0.6252927400468384 0.0171875 0.06791569086651054
0.0 0.2875 0.7540983606557377 0.0359375 0.06791569086651054
0.0 0.4140625 0.7423887587822015 0.0296875 0.0702576112412178
0.0 0.95 0.5292740046838408 0.00625 0.03044496487119438
0.0 0.4859375 0.7400468384074942 0.090625 0.04918032786885246
0.0 0.5859375 0.6533957845433255 0.015625 0.03044496487119438
0.0 0.1328125 0.810304449648712 0.0375 0.02810304449648712
0.0 0.54375 0.6721311475409836 0.0265625 0.12177985948477751
0.0 0.575 0.7189695550351288 0.0265625 0.06791569086651054
0.0 0.4890625 0.6697892271662763 0.9796875 0.3442622950819672
