0.0 0.2546875 0.5891891891891892 0.03125 0.10270270270270271
0.0 0.2734375 0.5864864864864865 0.0375 0.10540540540540541
0.0 0.20625 0.6 0.0375 0.11351351351351352
0.0 0.0640625 0.5972972972972973 0.053125 0.24594594594594596
0.0 0.840625 0.6216216216216216 0.0515625 0.23783783783783785
0.0 0.921875 0.6027027027027027 0.0359375 0.12162162162162163
0.0 0.1296875 0.6 0.0484375 0.1810810810810811
0.0 0.2453125 0.5945945945945946 0.04375 0.1
0.0 0.2265625 0.5972972972972973 0.0390625 0.0945945945945946
0.0 0.0921875 0.5648648648648649 0.0234375 0.12702702702702703
0.0 0.44375 0.4945945945945946 0.015625 0.024324324324324326
0.0 0.74375 0.5351351351351351 0.00625 0.04054054054054054
