0.0 0.184375 0.375 0.1421875 0.20416666666666666
0.0 0.4875 0.5020833333333333 0.0875 0.4583333333333333
0.0 0.3109375 0.47291666666666665 0.109375 0.5416666666666666
0.0 0.153125 0.5395833333333333 0.11875 0.6
0.0 0.8484375 0.6229166666666667 0.0859375 0.38333333333333336
0.0 0.7 0.49166666666666664 0.1796875 0.5604166666666667
0.0 0.559375 0.47708333333333336 0.0984375 0.4875
0.0 0.4046875 0.47708333333333336 0.1078125 0.49166666666666664
0.0 0.23125 0.5375 0.103125 0.44166666666666665
0.0 0.640625 0.5020833333333333 0.115625 0.49166666666666664
0.0 0.8265625 0.5291666666666667 0.1375 0.5729166666666666
