0.0 0.668 0.21584699453551912 0.106 0.16393442622950818
0.0 0.782 0.3743169398907104 0.11 0.16393442622950818
0.0 0.068 0.38524590163934425 0.136 0.17759562841530055
0.0 0.778 0.24043715846994534 0.096 0.1830601092896175
0.0 0.988 0.19398907103825136 0.024 0.1284153005464481
0.0 0.854 0.13387978142076504 0.084 0.12021857923497267
0.0 0.712 0.13934426229508196 0.05 0.10109289617486339
0.0 0.568 0.17486338797814208 0.102 0.1830601092896175
0.0 0.104 0.6721311475409836 0.144 0.4180327868852459
0.0 0.912 0.6502732240437158 0.096 0.25136612021857924
0.0 0.428 0.23497267759562843 0.038 0.06284153005464481
0.0 0.116 0.2677595628415301 0.158 0.39617486338797814
0.0 0.608 0.7021857923497268 0.16 0.38524590163934425
0.0 0.672 0.13387978142076504 0.53 0.25956284153005466
