0.0 0.0640625 0.4847161572052402 0.0109375 0.03056768558951965
0.0 0.1375 0.75764192139738 0.13125 0.25109170305676853
0.0 0.3296875 0.631004366812227 0.00625 0.017467248908296942
0.0 0.2453125 0.6834061135371179 0.1984375 0.3777292576419214
0.0 0.3375 0.6353711790393013 0.009375 0.021834061135371178
0.0 0.071875 0.4912663755458515 0.0140625 0.03711790393013101
0.0 0.384375 0.6615720524017468 0.015625 0.028384279475982533
0.0 0.5953125 0.7663755458515283 0.0109375 0.028384279475982533
0.0 0.34375 0.6419213973799127 0.0078125 0.017467248908296942
0.0 0.04375 0.537117903930131 0.05 0.11353711790393013
