0.0 0.215625 0.6916666666666667 0.03125 0.07083333333333333
0.0 0.1890625 0.7708333333333334 0.04375 0.19583333333333333
0.0 0.2328125 0.7645833333333333 0.0453125 0.2
0.0 0.4171875 0.7895833333333333 0.0484375 0.21875
0.0 0.10625 0.7291666666666666 0.0640625 0.1125
0.0 0.290625 0.7708333333333334 0.03125 0.18333333333333332
0.0 0.534375 0.8125 0.04375 0.23333333333333334
0.0 0.4203125 0.6833333333333333 0.025 0.05625
0.0 0.378125 0.69375 0.025 0.05625
0.0 0.265625 0.73125 0.0578125 0.10833333333333334
0.0 0.628125 0.825 0.071875 0.2708333333333333
0.0 0.3078125 0.7458333333333333 0.0234375 0.16875
0.0 0.7203125 0.84375 0.0671875 0.25833333333333336
0.0 0.5 0.75625 1.0 0.39375
