0.0 0.6734375 0.24476987447698745 0.0359375 0.14435146443514643
0.0 0.4109375 0.2594142259414226 0.034375 0.18619246861924685
0.0 0.65625 0.2405857740585774 0.0375 0.14435146443514643
0.0 0.625 0.25313807531380755 0.028125 0.13179916317991633
0.0 0.534375 0.18828451882845187 0.015625 0.02092050209205021
0.0 0.9734375 0.23430962343096234 0.0515625 0.11715481171548117
0.0 0.4828125 0.20292887029288703 0.01875 0.0502092050209205
0.0 0.396875 0.26359832635983266 0.046875 0.1694560669456067
0.0 0.4609375 0.2405857740585774 0.0390625 0.16317991631799164
0.0 0.5140625 0.21548117154811716 0.0484375 0.11297071129707113
