0.0 0.103125 0.6370023419203747 0.05625 0.25995316159250587
0.0 0.015625 0.5925058548009368 0.025 0.0585480093676815
0.0 0.3421875 0.5737704918032787 0.0125 0.01873536299765808
0.0 0.2140625 0.6042154566744731 0.0078125 0.06557377049180328
0.0 0.19375 0.6112412177985949 0.0125 0.07962529274004684
0.0 0.6984375 0.6159250585480094 0.0328125 0.18032786885245902
0.0 0.875 0.629976580796253 0.0625 0.2903981264637002
0.0 0.8203125 0.6182669789227166 0.059375 0.2716627634660422
0.0 0.515625 0.45901639344262296 0.04375 0.09836065573770492
0.0 0.3140625 0.5831381733021077 0.0078125 0.03747072599531616
0.0 0.5953125 0.4566744730679157 0.0625 0.12412177985948478
