0.0 0.9171875 0.8208333333333333 0.021875 0.125
0.0 0.6078125 0.8166666666666667 0.0328125 0.11041666666666666
0.0 0.5078125 0.8104166666666667 0.0421875 0.10625
0.0 0.6765625 0.8145833333333333 0.0171875 0.10625
0.0 0.471875 0.8229166666666666 0.0359375 0.13125
0.0 0.88125 0.8354166666666667 0.0375 0.16875
0.0 0.95625 0.8375 0.0578125 0.14791666666666667
0.0 0.8640625 0.8125 0.0078125 0.08125
0.0 0.646875 0.8166666666666667 0.0125 0.1125
0.0 0.765625 0.8020833333333334 0.03125 0.08125
0.0 0.4125 0.8395833333333333 0.0609375 0.22291666666666668
0.0 0.8421875 0.8270833333333333 0.025 0.14375
0.0 0.8703125 0.7770833333333333 0.0140625 0.03958333333333333
0.0 0.5640625 0.6479166666666667 0.8703125 0.6104166666666667
