0.0 0.8859375 0.24893617021276596 0.2140625 0.5
0.0 0.0625 0.24680851063829787 0.125 0.4957446808510638
0.0 0.371875 0.3659574468085106 0.15 0.2680851063829787
0.0 0.3234375 0.07234042553191489 0.128125 0.14468085106382977
0.0 0.1046875 0.06382978723404255 0.05625 0.12978723404255318
0.0 0.634375 0.0574468085106383 0.05625 0.1148936170212766
0.0 0.6375 0.4148936170212766 0.209375 0.4787234042553192
0.0 0.6203125 0.5170212765957447 0.365625 0.5531914893617021
0.0 0.3171875 0.5234042553191489 0.3 0.5914893617021276
0.0 0.1921875 0.1702127659574468 0.1703125 0.3404255319148936
