0.0 0.290625 0.5105386416861827 0.40625 0.6370023419203747
0.0 0.0671875 0.7611241217798594 0.0328125 0.06791569086651054
0.0 0.6921875 0.5081967213114754 0.046875 0.1522248243559719
0.0 0.1359375 0.7494145199063232 0.028125 0.08665105386416862
0.0 0.70625 0.6088992974238876 0.0578125 0.12177985948477751
0.0 0.1546875 0.7517564402810304 0.0578125 0.10304449648711944
0.0 0.7359375 0.5105386416861827 0.0578125 0.23185011709601874
0.0 0.2046875 0.7049180327868853 0.0375 0.16159250585480095
0.0 0.584375 0.594847775175644 0.0953125 0.3981264637002342
0.0 0.840625 0.5480093676814989 0.0625 0.10070257611241218
0.0 0.090625 0.7564402810304449 0.040625 0.09133489461358314
