0.0 0.51875 0.34192037470725994 0.0421875 0.0702576112412178
0.0 0.1578125 0.40046838407494145 0.0671875 0.3442622950819672
0.0 0.5859375 0.6768149882903981 0.2109375 0.6440281030444965
0.0 0.8125 0.3700234192037471 0.0546875 0.16627634660421545
0.0 0.971875 0.3629976580796253 0.0390625 0.0936768149882904
0.0 0.45625 0.36533957845433257 0.0546875 0.1358313817330211
0.0 0.23125 0.5597189695550351 0.1734375 0.7540983606557377
0.0 0.0453125 0.7002341920374707 0.0921875 0.5761124121779859
0.0 0.6234375 0.3864168618266979 0.06875 0.16159250585480095
0.0 0.6578125 0.3700234192037471 0.0203125 0.06323185011709602
0.0 0.078125 0.5550351288056206 0.15625 0.7213114754098361
0.0 0.3171875 0.5573770491803278 0.1125 0.5714285714285714
0.0 0.759375 0.4168618266978923 0.071875 0.07259953161592506
0.0 0.540625 0.3372365339578454 0.8609375 0.28337236533957844
