0.0 0.63125 0.6656716417910448 0.0296875 0.10149253731343283
0.0 0.54375 0.8597014925373134 0.040625 0.09253731343283582
0.0 0.190625 0.6656716417910448 0.0203125 0.10149253731343283
0.0 0.590625 0.764179104477612 0.0328125 0.11940298507462686
0.0 0.3578125 0.5970149253731343 0.015625 0.07761194029850746
0.0 0.2390625 0.9044776119402985 0.0421875 0.11343283582089553
0.0 0.0765625 0.5970149253731343 0.0171875 0.08358208955223881
0.0 0.359375 0.7820895522388059 0.03125 0.0955223880597015
0.0 0.1765625 0.6507462686567164 0.0203125 0.07462686567164178
0.0 0.1625 0.5850746268656717 0.0359375 0.08955223880597014
0.0 0.525 0.8716417910447761 0.04375 0.12238805970149254
0.0 0.0984375 0.5880597014925373 0.0203125 0.10149253731343283
0.0 0.0375 0.5940298507462687 0.0171875 0.10149253731343283
0.0 0.34375 0.7611940298507462 0.684375 0.47761194029850745
