0.0 0.644 0.07512953367875648 0.066 0.12953367875647667
0.0 0.164 0.08549222797927461 0.044 0.09844559585492228
0.0 0.908 0.12694300518134716 0.122 0.25647668393782386
0.0 0.734 0.11658031088082901 0.082 0.16062176165803108
0.0 0.34 0.046632124352331605 0.012 0.025906735751295335
0.0 0.368 0.09844559585492228 0.04 0.07772020725388601
0.0 0.294 0.05958549222797927 0.018 0.015544041450777202
0.0 0.42 0.05958549222797927 0.01 0.04145077720207254
0.0 0.41 0.054404145077720206 0.016 0.038860103626943004
0.0 0.316 0.06217616580310881 0.014 0.046632124352331605
0.0 0.988 0.10880829015544041 0.024 0.12435233160621761
0.0 0.214 0.09067357512953368 0.048 0.08549222797927461
