0.0 0.948 0.4943502824858757 0.01 0.0423728813559322
0.0 0.062 0.4830508474576271 0.02 0.07909604519774012
0.0 0.428 0.2740112994350282 0.02 0.05084745762711865
0.0 0.212 0.3898305084745763 0.016 0.07627118644067797
0.0 0.172 0.5169491525423728 0.016 0.05649717514124294
0.0 0.816 0.8954802259887006 0.036 0.07344632768361582
0.0 0.888 0.655367231638418 0.018 0.04519774011299435
0.0 0.826 0.7994350282485876 0.022 0.07344632768361582
0.0 0.232 0.4632768361581921 0.014 0.03954802259887006
0.0 0.576 0.2627118644067797 0.014 0.059322033898305086
0.0 0.684 0.8389830508474576 0.036 0.05084745762711865
0.0 0.268 0.5056497175141242 0.026 0.07344632768361582
0.0 0.682 0.8926553672316384 0.026 0.096045197740113
0.0 0.5 0.5 1.0 1.0
