0.0 0.8859375 0.4295774647887324 0.0171875 0.03286384976525822
0.0 0.2140625 0.43661971830985913 0.0171875 0.0892018779342723
0.0 0.8640625 0.4413145539906103 0.021875 0.05868544600938967
0.0 0.8328125 0.43661971830985913 0.028125 0.11502347417840375
0.0 0.6359375 0.460093896713615 0.0234375 0.06807511737089202
0.0 0.775 0.4084507042253521 0.025 0.09389671361502347
0.0 0.3296875 0.47183098591549294 0.0390625 0.1056338028169014
0.0 0.509375 0.37089201877934275 0.2765625 0.5258215962441315
0.0 0.4109375 0.4624413145539906 0.03125 0.11971830985915492
0.0 0.79375 0.42018779342723006 0.0203125 0.10328638497652583
0.0 0.2671875 0.44835680751173707 0.028125 0.0539906103286385
0.0 0.725 0.4624413145539906 0.028125 0.07042253521126761
0.0 0.240625 0.44366197183098594 0.01875 0.0539906103286385
0.0 0.4953125 0.43661971830985913 0.946875 0.19014084507042253
