0.0 0.1015625 0.11737089201877934 0.0515625 0.07042253521126761
0.0 0.5984375 0.12441314553990611 0.16875 0.22535211267605634
0.0 0.1640625 0.1431924882629108 0.0703125 0.2136150234741784
0.0 0.428125 0.5868544600938967 0.3453125 0.8004694835680751
0.0 0.1109375 0.17370892018779344 0.1453125 0.26291079812206575
0.0 0.909375 0.13145539906103287 0.1296875 0.2535211267605634
0.0 0.746875 0.11032863849765258 0.1140625 0.22300469483568075
0.0 0.4265625 0.11737089201877934 0.1515625 0.22300469483568075
0.0 0.33125 0.10093896713615023 0.08125 0.19718309859154928
0.0 0.2625 0.1572769953051643 0.1578125 0.2887323943661972
0.0 0.8859375 0.5352112676056338 0.2171875 0.9295774647887324
