0.0 0.7390625 0.46588235294117647 0.221875 0.5623529411764706
0.0 0.778125 0.27294117647058824 0.09375 0.2235294117647059
0.0 0.225 0.5105882352941177 0.446875 0.9552941176470588
0.0 0.909375 0.37411764705882355 0.1296875 0.5341176470588235
0.0 0.675 0.20705882352941177 0.0328125 0.09176470588235294
0.0 0.8640625 0.14823529411764705 0.090625 0.2164705882352941
0.0 0.659375 0.5152941176470588 0.24375 0.7741176470588236
0.0 0.58125 0.5411764705882353 0.2796875 0.8894117647058823
0.0 0.4390625 0.52 0.4328125 0.9270588235294117
0.0 0.946875 0.2635294117647059 0.1046875 0.5011764705882353
0.0 0.83125 0.3176470588235294 0.1984375 0.1976470588235294
