0.0 0.4375 0.2863849765258216 0.071875 0.19483568075117372
0.0 0.35 0.30985915492957744 0.0859375 0.1596244131455399
0.0 0.76875 0.3286384976525822 0.06875 0.32629107981220656
0.0 0.9375 0.4507042253521127 0.1171875 0.3873239436619718
0.0 0.7078125 0.31220657276995306 0.084375 0.2793427230046948
0.0 0.1265625 0.31690140845070425 0.1953125 0.5117370892018779
0.0 0.2875 0.3028169014084507 0.053125 0.19953051643192488
0.0 0.921875 0.25586854460093894 0.053125 0.14788732394366197
0.0 0.0390625 0.4859154929577465 0.078125 0.48826291079812206
0.0 0.503125 0.3075117370892019 0.0546875 0.15492957746478872
0.0 0.884375 0.19483568075117372 0.0796875 0.11971830985915492
0.0 0.2234375 0.3028169014084507 0.0640625 0.3544600938967136
0.0 0.8546875 0.3967136150234742 0.0796875 0.4295774647887324
0.0 0.528125 0.3544600938967136 0.7640625 0.4460093896713615
