0.0 0.6765625 0.6791666666666667 0.0265625 0.125
0.0 0.76875 0.6583333333333333 0.03125 0.10625
0.0 0.9890625 0.68125 0.0203125 0.17916666666666667
0.0 0.2859375 0.46458333333333335 0.0078125 0.04375
0.0 0.78125 0.6166666666666667 0.0140625 0.03125
0.0 0.0203125 0.73125 0.040625 0.3020833333333333
0.0 0.53125 0.6583333333333333 0.01875 0.09166666666666666
0.0 0.8078125 0.7 0.034375 0.16666666666666666
0.0 0.5859375 0.6520833333333333 0.021875 0.09166666666666666
0.0 0.9 0.7125 0.0640625 0.20833333333333334
0.0 0.6125 0.6729166666666667 0.0671875 0.12708333333333333
0.0 0.7296875 0.775 0.125 0.33541666666666664
0.0 0.8515625 0.7333333333333333 0.0828125 0.2708333333333333
0.0 0.7890625 0.7979166666666667 0.328125 0.38333333333333336
