0.0 0.6078125 0.8317757009345794 0.1671875 0.308411214953271
0.0 0.234375 0.48598130841121495 0.1421875 0.4182242990654206
0.0 0.8421875 0.35514018691588783 0.1046875 0.23130841121495327
0.0 0.3265625 0.7990654205607477 0.23125 0.37149532710280375
0.0 0.7 0.5327102803738317 0.0890625 0.3037383177570093
0.0 0.4015625 0.5771028037383178 0.1171875 0.42757009345794394
0.0 0.553125 0.5046728971962616 0.121875 0.20093457943925233
0.0 0.6859375 0.7406542056074766 0.171875 0.45794392523364486
0.0 0.5828125 0.2827102803738318 0.071875 0.2219626168224299
0.0 0.0546875 0.8084112149532711 0.109375 0.3598130841121495
0.0 0.4703125 0.8060747663551402 0.1953125 0.3855140186915888
0.0 0.153125 0.7686915887850467 0.175 0.4602803738317757
0.0 0.471875 0.3364485981308411 0.11875 0.45794392523364486
0.0 0.5 0.5 0.9984375 1.0
