0.0 0.584375 0.5737704918032787 0.1421875 0.7704918032786885
0.0 0.1421875 0.24824355971896955 0.0734375 0.30210772833723654
0.0 0.7390625 0.4262295081967213 0.121875 0.5339578454332553
0.0 0.396875 0.49414519906323184 0.2640625 0.9859484777517564
0.0 0.496875 0.23185011709601874 0.0328125 0.0585480093676815
0.0 0.11875 0.4309133489461358 0.2328125 0.6182669789227166
0.0 0.428125 0.24355971896955503 0.059375 0.13817330210772832
0.0 0.43125 0.3981264637002342 0.0578125 0.2786885245901639
0.0 0.790625 0.43559718969555034 0.06875 0.405152224824356
0.0 0.8484375 0.45901639344262296 0.06875 0.5526932084309133
0.0 0.4828125 0.3325526932084309 0.071875 0.20608899297423888
0.0 0.6109375 0.2927400468384075 0.0578125 0.22014051522248243
0.0 0.2109375 0.3161592505854801 0.1640625 0.34660421545667447
0.0 0.659375 0.32084309133489464 0.378125 0.351288056206089
