0.0 0.221875 0.3458823529411765 0.040625 0.05411764705882353
0.0 0.2515625 0.3952941176470588 0.0953125 0.11058823529411765
0.0 0.45 0.4164705882352941 0.1140625 0.2211764705882353
0.0 0.75 0.6070588235294118 0.265625 0.571764705882353
0.0 0.4109375 0.5011764705882353 0.2390625 0.40705882352941175
0.0 0.621875 0.3811764705882353 0.053125 0.1623529411764706
0.0 0.1859375 0.3788235294117647 0.05 0.10823529411764705
0.0 0.6796875 0.5058823529411764 0.0515625 0.13176470588235295
0.0 0.0921875 0.4752941176470588 0.153125 0.3411764705882353
0.0 0.6734375 0.4470588235294118 0.053125 0.22588235294117648
0.0 0.0296875 0.3905882352941176 0.0578125 0.10588235294117647
0.0 0.56875 0.40941176470588236 0.184375 0.26588235294117646
0.0 0.2453125 0.7082352941176471 0.309375 0.56
