0.0 0.5046875 0.639344262295082 0.10625 0.3957845433255269
0.0 0.3609375 0.6252927400468384 0.0890625 0.4028103044496487
0.0 0.9484375 0.5714285714285714 0.084375 0.2903981264637002
0.0 0.6265625 0.5831381733021077 0.065625 0.3325526932084309
0.0 0.81875 0.5644028103044496 0.0515625 0.2857142857142857
0.0 0.66875 0.5761124121779859 0.040625 0.28337236533957844
0.0 0.84375 0.5784543325526932 0.0515625 0.23653395784543327
0.0 0.209375 0.5737704918032787 0.1125 0.3091334894613583
0.0 0.4546875 0.6182669789227166 0.05625 0.3583138173302108
0.0 0.76875 0.5807962529274004 0.0546875 0.2857142857142857
0.0 0.5515625 0.5995316159250585 0.046875 0.351288056206089
0.0 0.709375 0.5807962529274004 0.0765625 0.3559718969555035
