0.0 0.9 0.5729166666666666 0.153125 0.225
0.0 0.3140625 0.6729166666666667 0.096875 0.3145833333333333
0.0 0.7703125 0.56875 0.0703125 0.1875
0.0 0.1578125 0.6895833333333333 0.1546875 0.4083333333333333
0.0 0.6375 0.375 0.13125 0.14375
0.0 0.49375 0.6270833333333333 0.15625 0.2833333333333333
0.0 0.6828125 0.65625 0.246875 0.3770833333333333
0.0 0.25 0.59375 0.0796875 0.18958333333333333
0.0 0.1984375 0.5958333333333333 0.0890625 0.21458333333333332
0.0 0.64375 0.47291666666666665 0.184375 0.26666666666666666
0.0 0.09375 0.75625 0.1890625 0.48541666666666666
