0.0 0.2734375 0.525 0.025 0.07708333333333334
0.0 0.3234375 0.5125 0.0109375 0.07291666666666667
0.0 0.3125 0.5125 0.0171875 0.07708333333333334
0.0 0.5203125 0.5041666666666667 0.0203125 0.08125
0.0 0.3625 0.5083333333333333 0.01875 0.06458333333333334
0.0 0.6515625 0.5166666666666667 0.025 0.07291666666666667
0.0 0.3828125 0.5041666666666667 0.015625 0.06666666666666667
0.0 0.1453125 0.5354166666666667 0.0421875 0.10625
0.0 0.4375 0.5666666666666667 0.06875 0.20208333333333334
0.0 0.596875 0.5541666666666667 0.1125 0.3854166666666667
0.0 0.16875 0.5354166666666667 0.03125 0.09791666666666667
0.0 0.3359375 0.5166666666666667 0.0125 0.07291666666666667
0.0 0.11875 0.5395833333333333 0.025 0.08958333333333333
0.0 0.5 0.5020833333333333 0.9984375 0.2125
