0.0 0.5480093676814989 0.7890625 0.07494145199063232 0.1078125
0.0 0.23185011709601874 0.6734375 0.07494145199063232 0.0953125
0.0 0.819672131147541 0.928125 0.10772833723653395 0.14375
0.0 0.5714285714285714 0.840625 0.07259953161592506 0.06875
0.0 0.1686182669789227 0.5828125 0.15456674473067916 0.2375
0.0 0.4426229508196721 0.7375 0.12646370023419204 0.0875
0.0 0.4894613583138173 0.8015625 0.06088992974238876 0.071875
0.0 0.7330210772833724 0.375 0.32084309133489464 0.2359375
0.0 0.9110070257611241 0.940625 0.09836065573770492 0.1171875
0.0 0.0585480093676815 0.6 0.11241217798594848 0.115625
0.0 0.7166276346604216 0.8265625 0.08665105386416862 0.0453125
0.0 0.6463700234192038 0.809375 0.09836065573770492 0.0640625
0.0 0.2810304449648712 0.7078125 0.07494145199063232 0.0625
0.0 0.6159250585480094 0.8515625 0.053864168618266976 0.0703125
