0.0 0.3559718969555035 0.1296875 0.12412177985948478 0.15
0.0 0.1592505854800937 0.1359375 0.1686182669789227 0.140625
0.0 0.8899297423887588 0.4796875 0.2154566744730679 0.53125
0.0 0.8430913348946136 0.1203125 0.05152224824355972 0.0421875
0.0 0.6018735362997658 0.1515625 0.0351288056206089 0.0328125
0.0 0.5292740046838408 0.6890625 0.4519906323185012 0.584375
0.0 0.5831381733021077 0.1375 0.07494145199063232 0.071875
0.0 0.46604215456674475 0.0953125 0.13817330210772832 0.1640625
0.0 0.5995316159250585 0.5046875 0.5526932084309133 0.8609375
0.0 0.8969555035128806 0.16875 0.08196721311475409 0.1390625
0.0 0.8337236533957846 0.171875 0.053864168618266976 0.121875
