0.0 0.8796875 0.8126463700234192 0.009375 0.03044496487119438
0.0 0.640625 0.8313817330210773 0.009375 0.03747072599531616
0.0 0.709375 0.8126463700234192 0.0109375 0.01639344262295082
0.0 0.0234375 0.8688524590163934 0.040625 0.17096018735362997
0.0 0.8875 0.8220140515222483 0.0109375 0.03044496487119438
0.0 0.8984375 0.8266978922716628 0.009375 0.01873536299765808
0.0 0.7265625 0.8290398126463701 0.0078125 0.03278688524590164
0.0 0.209375 0.8711943793911007 0.0359375 0.14988290398126464
0.0 0.046875 0.8571428571428571 0.0265625 0.17096018735362997
0.0 0.846875 0.8266978922716628 0.0078125 0.03278688524590164
0.0 0.9484375 0.8266978922716628 0.00625 0.01405152224824356
0.0 0.9296875 0.819672131147541 0.009375 0.03981264637002342
0.0 0.678125 0.8313817330210773 0.009375 0.02810304449648712
0.0 0.5 0.5901639344262295 1.0 0.5620608899297423
