0.0 0.32 0.11466666666666667 0.06 0.17333333333333334
0.0 0.34 0.3466666666666667 0.24 0.512
0.0 0.68 0.264 0.018 0.034666666666666665
0.0 0.52 0.21333333333333335 0.132 0.408
0.0 0.734 0.30666666666666664 0.042 0.17333333333333334
0.0 0.234 0.344 0.162 0.584
0.0 0.63 0.14666666666666667 0.082 0.17333333333333334
0.0 0.708 0.2906666666666667 0.028 0.17333333333333334
0.0 0.262 0.024 0.07 0.050666666666666665
0.0 0.618 0.37066666666666664 0.202 0.41333333333333333
0.0 0.392 0.38133333333333336 0.138 0.4266666666666667
0.0 0.828 0.448 0.092 0.11466666666666667
