0.0 0.86875 0.8325471698113207 0.2609375 0.3113207547169811
0.0 0.7578125 0.5731132075471698 0.1984375 0.6485849056603774
0.0 0.0703125 0.17452830188679244 0.0234375 0.09433962264150944
0.0 0.046875 0.18396226415094338 0.03125 0.07783018867924528
0.0 0.5703125 0.39858490566037735 0.125 0.3160377358490566
0.0 0.91875 0.3561320754716981 0.1609375 0.3089622641509434
0.0 0.2421875 0.46226415094339623 0.303125 0.9174528301886793
0.0 0.4484375 0.41745283018867924 0.059375 0.10377358490566038
0.0 0.0875 0.18396226415094338 0.0203125 0.08490566037735849
0.0 0.490625 0.6415094339622641 0.41875 0.5636792452830188
