0.0 0.796875 0.3541666666666667 0.046875 0.11041666666666666
0.0 0.284375 0.4895833333333333 0.115625 0.19791666666666666
0.0 0.6984375 0.33541666666666664 0.04375 0.07083333333333333
0.0 0.16875 0.3229166666666667 0.0578125 0.07708333333333334
0.0 0.496875 0.23333333333333334 0.053125 0.08333333333333333
0.0 0.41875 0.4791666666666667 0.0828125 0.24375
0.0 0.4546875 0.3104166666666667 0.05 0.10208333333333333
0.0 0.084375 0.34791666666666665 0.0625 0.12291666666666666
0.0 0.059375 0.14583333333333334 0.028125 0.05416666666666667
0.0 0.1453125 0.7541666666666667 0.184375 0.39791666666666664
0.0 0.7109375 0.29791666666666666 0.04375 0.075
0.0 0.628125 0.25625 0.0453125 0.07708333333333334
0.0 0.3609375 0.5020833333333333 0.065625 0.16458333333333333
0.0 0.5484375 0.33958333333333335 0.746875 0.17291666666666666
