0.0 0.490625 0.3569937369519833 0.0140625 0.037578288100208766
0.0 0.1875 0.33820459290187893 0.0234375 0.04801670146137787
0.0 0.5609375 0.31315240083507306 0.009375 0.012526096033402923
0.0 0.2109375 0.36325678496868474 0.0078125 0.012526096033402923
0.0 0.596875 0.3048016701461378 0.0046875 0.010438413361169102
0.0 0.5734375 0.3048016701461378 0.0078125 0.012526096033402923
0.0 0.878125 0.2818371607515658 0.0078125 0.010438413361169102
0.0 0.540625 0.36325678496868474 0.0171875 0.04384133611691023
0.0 0.8890625 0.2881002087682672 0.009375 0.010438413361169102
0.0 0.5125 0.31315240083507306 0.0265625 0.03549060542797495
0.0 0.940625 0.29436325678496866 0.0078125 0.012526096033402923
0.0 0.840625 0.29018789144050106 0.021875 0.008350730688935281
