0.0 0.2078125 0.7511737089201878 0.0015625 0.023474178403755867
0.0 0.5859375 0.6995305164319249 0.003125 0.018779342723004695
0.0 0.9765625 0.7230046948356808 0.0171875 0.13615023474178403
0.0 0.9875 0.7323943661971831 0.0234375 0.323943661971831
0.0 0.234375 0.7464788732394366 0.003125 0.028169014084507043
0.0 0.8703125 0.7981220657276995 0.075 0.38967136150234744
0.0 0.9421875 0.8169014084507042 0.075 0.3615023474178404
0.0 0.1625 0.7511737089201878 0.0046875 0.04225352112676056
0.0 0.1484375 0.7511737089201878 0.0078125 0.046948356807511735
0.0 0.8078125 0.7981220657276995 0.05 0.40375586854460094
0.0 0.1984375 0.7511737089201878 0.0046875 0.023474178403755867
0.0 0.225 0.7464788732394366 0.0046875 0.018779342723004695
0.0 0.49375 0.7089201877934272 0.9859375 0.2347417840375587
