0.0 0.7171875 0.6541666666666667 0.015625 0.05416666666666667
0.0 0.6671875 0.6666666666666666 0.0109375 0.03958333333333333
0.0 0.63125 0.6645833333333333 0.0171875 0.04791666666666667
0.0 0.5453125 0.6791666666666667 0.0125 0.022916666666666665
0.0 0.4859375 0.6645833333333333 0.0140625 0.06041666666666667
0.0 0.1375 0.6729166666666667 0.015625 0.03125
0.0 0.6859375 0.6604166666666667 0.015625 0.06041666666666667
0.0 0.5 0.6645833333333333 0.0171875 0.052083333333333336
0.0 0.7953125 0.64375 0.009375 0.035416666666666666
0.0 0.6484375 0.66875 0.015625 0.041666666666666664
0.0 0.5703125 0.65625 0.0125 0.052083333333333336
0.0 0.453125 0.6666666666666666 0.0234375 0.0625
0.0 0.8671875 0.6166666666666667 0.0125 0.027083333333333334
0.0 0.56875 0.6583333333333333 0.81875 0.12083333333333333
