0.0 0.83125 0.7296875 0.027083333333333334 0.0359375
0.0 0.041666666666666664 0.7515625 0.004166666666666667 0.009375
0.0 0.08541666666666667 0.75 0.00625 0.0078125
0.0 0.40625 0.746875 0.025 0.0609375
0.0 0.12916666666666668 0.753125 0.010416666666666666 0.0171875
0.0 0.1875 0.7453125 0.04375 0.071875
0.0 0.06875 0.7515625 0.008333333333333333 0.0125
0.0 0.7854166666666667 0.74375 0.01875 0.04375
0.0 0.8354166666666667 0.7546875 0.008333333333333333 0.021875
0.0 0.8166666666666667 0.7578125 0.016666666666666666 0.015625
