0.0 0.34375 0.3484375 0.04375 0.1
0.0 0.5541666666666667 0.36875 0.06041666666666667 0.1109375
0.0 0.38333333333333336 0.34375 0.04791666666666667 0.0921875
0.0 0.03958333333333333 0.3140625 0.029166666666666667 0.05
0.0 0.6770833333333334 0.3734375 0.058333333333333334 0.11875
0.0 0.5645833333333333 0.340625 0.0125 0.0375
0.0 0.625 0.3734375 0.04375 0.1171875
0.0 0.44375 0.346875 0.0625 0.1125
0.0 0.42291666666666666 0.3609375 0.05416666666666667 0.109375
0.0 0.3958333333333333 0.33125 0.03333333333333333 0.0984375
0.0 0.5145833333333333 0.353125 0.03125 0.0984375
0.0 0.09166666666666666 0.296875 0.03125 0.0296875
