0.0 0.054 0.08408408408408409 0.044 0.17117117117117117
0.0 0.598 0.042042042042042045 0.028 0.08408408408408409
0.0 0.434 0.5735735735735735 0.072 0.25825825825825827
0.0 0.524 0.5975975975975976 0.08 0.23723723723723725
0.0 0.974 0.21021021021021022 0.048 0.1921921921921922
0.0 0.632 0.5885885885885885 0.104 0.24624624624624625
0.0 0.466 0.5915915915915916 0.058 0.23123123123123124
0.0 0.548 0.0960960960960961 0.072 0.1831831831831832
0.0 0.39 0.5735735735735735 0.09 0.24624624624624625
0.0 0.322 0.036036036036036036 0.038 0.07207207207207207
0.0 0.58 0.5765765765765766 0.076 0.24624624624624625
0.0 0.39 0.05405405405405406 0.058 0.1111111111111111
0.0 0.226 0.5405405405405406 0.074 0.24624624624624625
0.0 0.504 0.3633633633633634 0.81 0.7267267267267268
