0.0 0.478125 0.65807962529274 0.075 0.34894613583138173
0.0 0.69375 0.629976580796253 0.0765625 0.405152224824356
0.0 0.4640625 0.44028103044496486 0.0828125 0.33021077283372363
0.0 0.56875 0.6604215456674473 0.084375 0.34894613583138173
0.0 0.1015625 0.6791569086651054 0.05625 0.3231850117096019
0.0 0.7359375 0.468384074941452 0.109375 0.35362997658079626
0.0 0.4109375 0.6276346604215457 0.0703125 0.40046838407494145
0.0 0.9828125 0.6604215456674473 0.034375 0.1592505854800937
0.0 0.7828125 0.6604215456674473 0.0984375 0.3325526932084309
0.0 0.00625 0.6182669789227166 0.0140625 0.10304449648711944
0.0 0.284375 0.6721311475409836 0.090625 0.32786885245901637
0.0 0.925 0.5807962529274004 0.0203125 0.09133489461358314
0.0 0.4421875 0.36065573770491804 0.040625 0.14285714285714285
0.0 0.5203125 0.5667447306791569 0.8078125 0.6135831381733021
