0.0 0.85 0.567398119122257 0.046 0.15987460815047022
0.0 0.614 0.5642633228840125 0.032 0.1724137931034483
0.0 0.782 0.46394984326018807 0.034 0.13793103448275862
0.0 0.364 0.3605015673981191 0.014 0.07210031347962383
0.0 0.82 0.47335423197492166 0.03 0.12225705329153605
0.0 0.802 0.5987460815047022 0.044 0.18495297805642633
0.0 0.834 0.3981191222570533 0.026 0.08463949843260188
0.0 0.956 0.6363636363636364 0.088 0.20689655172413793
0.0 0.916 0.8025078369905956 0.074 0.29153605015673983
0.0 0.724 0.6050156739811913 0.052 0.19435736677115986
0.0 0.888 0.6206896551724138 0.062 0.1786833855799373
0.0 0.486 0.4231974921630094 0.036 0.0877742946708464
0.0 0.558 0.5235109717868338 0.032 0.14106583072100312
0.0 0.562 0.4200626959247649 0.636 0.5517241379310345
