0.0 0.340625 0.47877358490566035 0.0296875 0.049528301886792456
0.0 0.803125 0.49764150943396224 0.0375 0.0660377358490566
0.0 0.2546875 0.4693396226415094 0.046875 0.08490566037735849
0.0 0.9703125 0.5566037735849056 0.0328125 0.2783018867924528
0.0 0.859375 0.45990566037735847 0.04375 0.13443396226415094
0.0 0.6796875 0.5542452830188679 0.05625 0.25471698113207547
0.0 0.746875 0.4858490566037736 0.0390625 0.07783018867924528
0.0 0.8859375 0.4716981132075472 0.0265625 0.10613207547169812
0.0 0.4140625 0.43160377358490565 0.1421875 0.5683962264150944
0.0 0.303125 0.45754716981132076 0.0203125 0.0589622641509434
0.0 0.7578125 0.4410377358490566 0.0296875 0.08726415094339622
0.0 0.79375 0.46462264150943394 0.0765625 0.14622641509433962
0.0 0.925 0.5023584905660378 0.059375 0.19339622641509435
0.0 0.446875 0.46462264150943394 0.890625 0.12735849056603774
