0.0 0.028125 0.5333333333333333 0.0453125 0.17916666666666667
0.0 0.228125 0.5270833333333333 0.0390625 0.09166666666666666
0.0 0.0546875 0.5229166666666667 0.03125 0.13958333333333334
0.0 0.4078125 0.5104166666666666 0.025 0.11041666666666666
0.0 0.384375 0.51875 0.03125 0.1375
0.0 0.359375 0.53125 0.0265625 0.09166666666666666
0.0 0.0046875 0.5166666666666667 0.0078125 0.09791666666666667
0.0 0.575 0.5291666666666667 0.03125 0.11875
0.0 0.1578125 0.54375 0.034375 0.09166666666666666
0.0 0.6421875 0.5375 0.0671875 0.13958333333333334
0.0 0.596875 0.53125 0.0296875 0.09791666666666667
0.0 0.46875 0.7041666666666667 0.18125 0.5583333333333333
0.0 0.1265625 0.5208333333333334 0.04375 0.11875
