0.0 0.5245901639344263 0.0703125 0.12646370023419204 0.1359375
0.0 0.17096018735362997 0.221875 0.13114754098360656 0.15
0.0 0.4426229508196721 0.54375 0.49414519906323184 0.5078125
0.0 0.7447306791569087 0.06875 0.11943793911007025 0.1359375
0.0 0.9110070257611241 0.2390625 0.17330210772833723 0.1921875
0.0 0.5784543325526932 0.3984375 0.12177985948477751 0.15625
0.0 0.28805620608899296 0.2453125 0.11007025761124122 0.153125
0.0 0.18032786885245902 0.1375 0.12646370023419204 0.1234375
0.0 0.7915690866510539 0.24375 0.12646370023419204 0.171875
0.0 0.04215456674473068 0.2234375 0.08665105386416862 0.1453125
0.0 0.6416861826697893 0.175 0.1358313817330211 0.1953125
0.0 0.3981264637002342 0.253125 0.1451990632318501 0.18125
0.0 0.28805620608899296 0.1328125 0.09836065573770492 0.1140625
0.0 0.49882903981264637 0.140625 1.0 0.28125
