0.0 0.672 0.6156156156156156 0.054 0.2972972972972973
0.0 0.566 0.6306306306306306 0.078 0.32732732732732733
0.0 0.652 0.5105105105105106 0.026 0.08408408408408409
0.0 0.614 0.48348348348348347 0.012 0.057057057057057055
0.0 0.152 0.6516516516516516 0.27 0.6936936936936937
0.0 0.406 0.6186186186186187 0.08 0.2822822822822823
0.0 0.472 0.6216216216216216 0.08 0.3033033033033033
0.0 0.714 0.5255255255255256 0.034 0.1021021021021021
0.0 0.598 0.4894894894894895 0.018 0.05405405405405406
0.0 0.796 0.6276276276276276 0.192 0.7207207207207207
