0.0 0.0390625 0.2154566744730679 0.0796875 0.21779859484777517
0.0 0.3625 0.08430913348946135 0.0578125 0.17096018735362997
0.0 0.4390625 0.0468384074941452 0.065625 0.09601873536299765
0.0 0.4515625 0.1053864168618267 0.0375 0.08899297423887588
0.0 0.703125 0.09601873536299765 0.0609375 0.11943793911007025
0.0 0.4171875 0.12177985948477751 0.0609375 0.07728337236533958
0.0 0.328125 0.18969555035128804 0.0703125 0.33489461358313816
0.0 0.4609375 0.1873536299765808 0.078125 0.11943793911007025
0.0 0.5078125 0.5339578454332553 0.4671875 0.9063231850117096
0.0 0.615625 0.12412177985948478 0.05 0.11475409836065574
0.0 0.959375 0.12177985948477751 0.0796875 0.1358313817330211
0.0 0.9515625 0.33489461358313816 0.0921875 0.30210772833723654
0.0 0.4265625 0.14285714285714285 0.85 0.2857142857142857
