0.0 0.815625 0.38173302107728335 0.084375 0.15690866510538642
0.0 0.678125 0.3700234192037471 0.0515625 0.11241217798594848
0.0 0.9796875 0.40749414519906324 0.0390625 0.14754098360655737
0.0 0.628125 0.32786885245901637 0.034375 0.08196721311475409
0.0 0.14375 0.41217798594847777 0.1015625 0.2529274004683841
0.0 0.7515625 0.38875878220140514 0.0546875 0.12646370023419204
0.0 0.94375 0.4098360655737705 0.071875 0.14285714285714285
0.0 0.21875 0.43559718969555034 0.034375 0.05152224824355972
0.0 0.7234375 0.36768149882903983 0.0796875 0.16393442622950818
0.0 0.0375 0.48009367681498827 0.075 0.3911007025761124
0.0 0.25 0.4238875878220141 0.053125 0.07962529274004684
0.0 0.5796875 0.45433255269320844 0.296875 0.6323185011709602
0.0 0.85 0.3864168618266979 0.0625 0.1522248243559719
0.0 0.203125 0.5175644028103045 0.290625 0.34660421545667447
