0.0 0.0125 0.38173302107728335 0.0265625 0.12412177985948478
0.0 0.1640625 0.11475409836065574 0.1078125 0.22950819672131148
0.0 0.0375 0.4566744730679157 0.0765625 0.14988290398126464
0.0 0.0515625 0.34894613583138173 0.0765625 0.16159250585480095
0.0 0.3109375 0.09133489461358314 0.0703125 0.18266978922716628
0.0 0.0578125 0.11007025761124122 0.1046875 0.2224824355971897
0.0 0.2265625 0.08430913348946135 0.0734375 0.17096018735362997
0.0 0.1953125 0.44730679156908665 0.0640625 0.13114754098360656
0.0 0.1171875 0.06323185011709602 0.065625 0.1288056206088993
0.0 0.50625 0.5058548009367682 0.175 0.9882903981264637
0.0 0.6078125 0.522248243559719 0.075 0.38173302107728335
0.0 0.253125 0.4215456674473068 0.0828125 0.1756440281030445
0.0 0.11875 0.4238875878220141 0.1390625 0.22716627634660422
