0.0 0.3839835728952772 0.6046875 0.5544147843942505 0.55
0.0 0.9794661190965093 0.35 0.01026694045174538 0.0125
0.0 0.2546201232032854 0.353125 0.01642710472279261 0.0265625
0.0 0.8418891170431212 0.3609375 0.01642710472279261 0.0203125
0.0 0.946611909650924 0.3546875 0.014373716632443531 0.0125
0.0 0.5872689938398358 0.6484375 0.09034907597535935 0.3390625
0.0 0.7987679671457906 0.359375 0.01642710472279261 0.025
0.0 0.22381930184804927 0.3546875 0.014373716632443531 0.025
0.0 0.8624229979466119 0.34375 0.008213552361396304 0.0125
0.0 0.9137577002053389 0.3546875 0.03285420944558522 0.0203125
