0.0 0.7640625 0.735897435897436 0.0984375 0.258974358974359
0.0 0.984375 0.22564102564102564 0.03125 0.13333333333333333
0.0 0.6 0.4230769230769231 0.053125 0.17692307692307693
0.0 0.3046875 0.4461538461538462 0.078125 0.2282051282051282
0.0 0.5609375 0.7256410256410256 0.096875 0.2564102564102564
0.0 0.559375 0.4307692307692308 0.0953125 0.18205128205128204
0.0 0.953125 0.5205128205128206 0.0875 0.21025641025641026
0.0 0.68125 0.735897435897436 0.1 0.25384615384615383
0.0 0.865625 0.5846153846153846 0.0359375 0.08461538461538462
0.0 0.8359375 0.2076923076923077 0.05 0.15384615384615385
0.0 0.5578125 0.5205128205128206 0.05625 0.18461538461538463
0.0 0.49375 0.7205128205128205 0.09375 0.22564102564102564
0.0 0.43125 0.5 0.065625 0.1717948717948718
0.0 0.5 0.5205128205128206 0.9984375 0.841025641025641
