0.0 0.4515625 0.7666666666666667 0.040625 0.10208333333333333
0.0 0.9828125 0.7770833333333333 0.025 0.06458333333333334
0.0 0.6 0.8 0.028125 0.07916666666666666
0.0 0.4234375 0.79375 0.025 0.05
0.0 0.21875 0.7625 0.0390625 0.05416666666666667
0.0 0.6390625 0.76875 0.0328125 0.058333333333333334
0.0 0.6171875 0.7645833333333333 0.021875 0.06875
0.0 0.2546875 0.7854166666666667 0.0421875 0.1125
0.0 0.571875 0.7958333333333333 0.0328125 0.075
0.0 0.7984375 0.7958333333333333 0.025 0.06666666666666667
0.0 0.81875 0.7708333333333334 0.0296875 0.05416666666666667
0.0 0.4171875 0.7583333333333333 0.03125 0.09166666666666666
0.0 0.5453125 0.8083333333333333 0.0296875 0.07291666666666667
