0.0 0.4046875 0.6261682242990654 0.00625 0.02102803738317757
0.0 0.53125 0.5607476635514018 0.0109375 0.030373831775700934
0.0 0.1515625 0.7313084112149533 0.0078125 0.028037383177570093
0.0 0.8296875 0.45794392523364486 0.0125 0.02102803738317757
0.0 0.3875 0.5981308411214953 0.0078125 0.02102803738317757
0.0 0.159375 0.794392523364486 0.0109375 0.02570093457943925
0.0 0.5421875 0.5584112149532711 0.0109375 0.03271028037383177
0.0 0.146875 0.7897196261682243 0.0140625 0.03271028037383177
0.0 0.503125 0.35046728971962615 0.071875 0.13551401869158877
0.0 0.546875 0.5467289719626168 0.0046875 0.009345794392523364
0.0 0.4984375 0.5607476635514018 0.00625 0.016355140186915886
