0.0 0.2703125 0.284452296819788 0.0171875 0.044169611307420496
0.0 0.059375 0.28975265017667845 0.01875 0.06890459363957598
0.0 0.2140625 0.27208480565371024 0.0421875 0.05653710247349823
0.0 0.2546875 0.27385159010600707 0.0265625 0.05830388692579505
0.0 0.109375 0.28975265017667845 0.0109375 0.04946996466431095
0.0 0.2375 0.284452296819788 0.0125 0.03180212014134275
0.0 0.9578125 0.29858657243816256 0.0234375 0.02120141342756184
0.0 0.11875 0.2968197879858657 0.009375 0.0636042402826855
0.0 0.33125 0.15547703180212014 0.15 0.28091872791519434
0.0 0.1015625 0.284452296819788 0.0109375 0.030035335689045935
0.0 0.171875 0.27208480565371024 0.0234375 0.04946996466431095
0.0 0.14375 0.2773851590106007 0.0296875 0.044169611307420496
0.0 0.1921875 0.28091872791519434 0.01875 0.030035335689045935
0.0 0.3375 0.303886925795053 0.665625 0.07950530035335689
