0.0 0.8359375 0.3755868544600939 0.121875 0.23708920187793428
0.0 0.234375 0.24882629107981222 0.0859375 0.36384976525821594
0.0 0.553125 0.7535211267605634 0.3515625 0.49295774647887325
0.0 0.703125 0.2699530516431925 0.0328125 0.056338028169014086
0.0 0.5078125 0.4460093896713615 0.1515625 0.25586854460093894
0.0 0.0640625 0.3075117370892019 0.125 0.3380281690140845
0.0 0.4484375 0.17370892018779344 0.05 0.12910798122065728
0.0 0.75 0.6267605633802817 0.284375 0.7206572769953051
0.0 0.0703125 0.7793427230046949 0.140625 0.41784037558685444
0.0 0.653125 0.3615023474178404 0.06875 0.1784037558685446
0.0 0.3203125 0.24647887323943662 0.065625 0.2652582159624413
0.0 0.390625 0.24178403755868544 0.0640625 0.24882629107981222
0.0 0.5578125 0.3004694835680751 0.0859375 0.4272300469483568
0.0 0.5 0.3004694835680751 0.9984375 0.5586854460093896
