0.0 0.8548009367681498 0.7421875 0.11475409836065574 0.1578125
0.0 0.6323185011709602 0.4640625 0.053864168618266976 0.0484375
0.0 0.0234192037470726 0.684375 0.0468384074941452 0.05625
0.0 0.5761124121779859 0.621875 0.07962529274004684 0.06875
0.0 0.20374707259953162 0.75625 0.14754098360655737 0.1765625
0.0 0.7353629976580797 0.490625 0.10304449648711944 0.0625
0.0 0.7283372365339579 0.7375 0.1756440281030445 0.159375
0.0 0.7845433255269321 0.33125 0.07494145199063232 0.046875
0.0 0.6908665105386417 0.590625 0.053864168618266976 0.0484375
0.0 0.40749414519906324 0.75 0.3981264637002342 0.478125
0.0 0.1756440281030445 0.5390625 0.10772833723653395 0.078125
0.0 0.3325526932084309 0.540625 0.06323185011709602 0.0515625
0.0 0.08899297423887588 0.6859375 0.06791569086651054 0.05
0.0 0.49882903981264637 0.4015625 1.0 0.6734375
