0.0 0.842 0.8006042296072508 0.048 0.17522658610271905
0.0 0.654 0.7009063444108762 0.018 0.07854984894259819
0.0 0.742 0.7824773413897281 0.034 0.1661631419939577
0.0 0.146 0.8006042296072508 0.048 0.1903323262839879
0.0 0.624 0.7915407854984894 0.056 0.18429003021148035
0.0 0.878 0.797583081570997 0.05 0.16314199395770393
0.0 0.598 0.7220543806646526 0.032 0.08761329305135952
0.0 0.716 0.7854984894259819 0.038 0.18126888217522658
0.0 0.292 0.7764350453172205 0.03 0.15709969788519637
0.0 0.606 0.7794561933534743 0.02 0.1661631419939577
0.0 0.22 0.797583081570997 0.046 0.15709969788519637
0.0 0.376 0.7673716012084593 0.036 0.14501510574018128
0.0 0.108 0.7885196374622356 0.042 0.16314199395770393
0.0 0.636 0.7915407854984894 0.622 0.22658610271903323
