0.0 0.64 0.33451957295373663 0.066 0.1103202846975089
0.0 0.466 0.2846975088967972 0.02 0.16725978647686832
0.0 0.542 0.2669039145907473 0.064 0.13523131672597866
0.0 0.708 0.33807829181494664 0.06 0.10320284697508897
0.0 0.494 0.31316725978647686 0.068 0.15302491103202848
0.0 0.83 0.35231316725978645 0.052 0.08896797153024912
0.0 0.758 0.3309608540925267 0.046 0.12811387900355872
0.0 0.546 0.3096085409252669 0.04 0.17437722419928825
0.0 0.566 0.35231316725978645 0.046 0.12455516014234876
0.0 0.854 0.302491103202847 0.02 0.042704626334519574
0.0 0.866 0.3274021352313167 0.076 0.10676156583629894
0.0 0.762 0.2669039145907473 0.048 0.1103202846975089
0.0 0.794 0.3167259786476868 0.068 0.1601423487544484
0.0 0.606 0.2669039145907473 0.264 0.1423487544483986
