0.0 0.553125 0.5916666666666667 0.0359375 0.06458333333333334
0.0 0.4640625 0.5854166666666667 0.128125 0.47708333333333336
0.0 0.0546875 0.7875 0.1109375 0.42291666666666666
0.0 0.1 0.6458333333333334 0.05 0.14166666666666666
0.0 0.521875 0.5854166666666667 0.0125 0.041666666666666664
0.0 0.9046875 0.6625 0.0609375 0.18541666666666667
0.0 0.6265625 0.6041666666666666 0.0515625 0.07916666666666666
0.0 0.584375 0.5895833333333333 0.034375 0.05625
0.0 0.68125 0.6333333333333333 0.078125 0.13333333333333333
0.0 0.2046875 0.6979166666666666 0.0546875 0.27291666666666664
0.0 0.8140625 0.6979166666666666 0.0421875 0.20833333333333334
0.0 0.8484375 0.6541666666666667 0.0578125 0.12916666666666668
