0.0 0.6339869281045751 0.7401960784313726 0.4477124183006536 0.49836601307189543
0.0 0.6781045751633987 0.2173202614379085 0.006535947712418301 0.011437908496732025
0.0 0.5441176470588235 0.2173202614379085 0.004901960784313725 0.017973856209150325
0.0 0.4444444444444444 0.2107843137254902 0.008169934640522876 0.0196078431372549
0.0 0.7696078431372549 0.23039215686274508 0.006535947712418301 0.021241830065359478
0.0 0.7549019607843137 0.22712418300653595 0.008169934640522876 0.02287581699346405
0.0 0.6977124183006536 0.2222222222222222 0.00980392156862745 0.026143790849673203
0.0 0.6650326797385621 0.22058823529411764 0.006535947712418301 0.017973856209150325
0.0 0.9215686274509803 0.7173202614379085 0.15522875816993464 0.5604575163398693
0.0 0.6437908496732027 0.2238562091503268 0.008169934640522876 0.011437908496732025
