0.0 0.5270833333333333 0.228125 0.08333333333333333 0.0609375
0.0 0.12291666666666666 0.284375 0.09791666666666667 0.103125
0.0 0.8604166666666667 0.3453125 0.27708333333333335 0.45
0.0 0.19375 0.25625 0.12291666666666666 0.165625
0.0 0.4625 0.36875 0.35625 0.3296875
0.0 0.6229166666666667 0.3625 0.13333333333333333 0.29375
0.0 0.74375 0.2671875 0.05416666666666667 0.09375
0.0 0.275 0.2859375 0.12291666666666666 0.18125
0.0 0.7041666666666667 0.2703125 0.05 0.1234375
0.0 0.06666666666666667 0.290625 0.0875 0.0953125
