0.0 0.90625 0.43260188087774293 0.025 0.07523510971786834
0.0 0.925 0.43260188087774293 0.015625 0.06896551724137931
0.0 0.9640625 0.4106583072100313 0.015625 0.04075235109717868
0.0 0.825 0.4702194357366771 0.01875 0.1536050156739812
0.0 0.896875 0.42946708463949845 0.021875 0.0877742946708464
0.0 0.8328125 0.47648902821316613 0.0296875 0.14733542319749215
0.0 0.1390625 0.3949843260188088 0.034375 0.07523510971786834
0.0 0.29375 0.5329153605015674 0.071875 0.11598746081504702
0.0 0.146875 0.3887147335423197 0.040625 0.09090909090909091
0.0 0.8609375 0.43573667711598746 0.0265625 0.11285266457680251
0.0 0.9484375 0.42946708463949845 0.015625 0.0438871473354232
