0.0 0.0625 0.8229166666666666 0.0375 0.13333333333333333
0.0 0.165625 0.8208333333333333 0.0421875 0.09375
0.0 0.1109375 0.79375 0.0375 0.06875
0.0 0.36875 0.83125 0.065625 0.29791666666666666
0.0 0.8 0.89375 0.0484375 0.20208333333333334
0.0 0.2875 0.8333333333333334 0.0921875 0.08333333333333333
0.0 0.5015625 0.8645833333333334 0.0890625 0.12291666666666666
0.0 0.24375 0.8 0.0515625 0.1
0.0 0.44375 0.8395833333333333 0.0734375 0.25625
0.0 0.746875 0.8854166666666666 0.0828125 0.22916666666666666
0.0 0.671875 0.8583333333333333 0.0828125 0.28125
0.0 0.8515625 0.8770833333333333 0.0734375 0.24583333333333332
0.0 0.071875 0.7833333333333333 0.0421875 0.15625
0.0 0.5 0.6666666666666666 0.9875 0.5541666666666667
