0.0 0.796875 0.508235294117647 0.0265625 0.0611764705882353
0.0 0.10625 0.5341176470588235 0.0234375 0.07294117647058823
0.0 0.0171875 0.5364705882352941 0.0359375 0.08235294117647059
0.0 0.7 0.52 0.0375 0.07529411764705882
0.0 0.1703125 0.571764705882353 0.0328125 0.16
0.0 0.75 0.5176470588235295 0.034375 0.06352941176470588
0.0 0.121875 0.5764705882352941 0.034375 0.1811764705882353
0.0 0.0859375 0.5317647058823529 0.028125 0.08470588235294117
0.0 0.0625 0.5364705882352941 0.0453125 0.08
0.0 0.7796875 0.52 0.0296875 0.05176470588235294
0.0 0.1546875 0.5294117647058824 0.0125 0.06588235294117648
