0.0 0.1600831600831601 0.034375 0.158004158004158 0.06875
0.0 0.8066528066528067 0.078125 0.12266112266112267 0.1171875
0.0 0.9771309771309772 0.209375 0.04573804573804574 0.2109375
0.0 0.446985446985447 0.80625 0.3471933471933472 0.3875
0.0 0.3284823284823285 0.040625 0.1787941787941788 0.0828125
0.0 0.5821205821205822 0.0703125 0.15592515592515593 0.1234375
0.0 0.5135135135135135 0.0390625 0.23700623700623702 0.078125
0.0 0.23492723492723494 0.028125 0.16216216216216217 0.0578125
0.0 0.6091476091476091 0.2109375 0.15176715176715178 0.1546875
0.0 0.7068607068607069 0.071875 0.09771309771309772 0.128125
