0.0 0.7484375 0.6312625250501002 0.0328125 0.11422845691382766
0.0 0.5 0.533066132264529 0.0171875 0.06212424849699399
0.0 0.753125 0.5130260521042084 0.0140625 0.028056112224448898
0.0 0.9 0.5130260521042084 0.0140625 0.04609218436873747
0.0 0.790625 0.6012024048096193 0.0296875 0.14829659318637275
0.0 0.86875 0.5130260521042084 0.0375 0.05410821643286573
0.0 0.54375 0.5290581162324649 0.009375 0.04609218436873747
0.0 0.6625 0.6112224448897795 0.0375 0.15831663326653306
0.0 0.775 0.6192384769539078 0.0234375 0.13226452905811623
0.0 0.5578125 0.5350701402805611 0.0203125 0.06813627254509018
0.0 0.528125 0.5290581162324649 0.015625 0.06412825651302605
0.0 0.378125 0.5110220440881763 0.0140625 0.036072144288577156
0.0 0.4640625 0.5410821643286573 0.0109375 0.07414829659318638
0.0 0.5609375 0.5090180360721442 0.821875 0.13026052104208416
