0.0 0.9640625 0.5979166666666667 0.0375 0.09375
0.0 0.6828125 0.6020833333333333 0.0375 0.0875
0.0 0.065625 0.6479166666666667 0.0359375 0.15
0.0 0.2203125 0.6020833333333333 0.0140625 0.07708333333333334
0.0 0.41875 0.60625 0.0328125 0.11875
0.0 0.7109375 0.60625 0.034375 0.10833333333333334
0.0 0.2078125 0.6270833333333333 0.025 0.12708333333333333
0.0 0.2703125 0.5583333333333333 0.015625 0.0375
0.0 0.7578125 0.54375 0.009375 0.03958333333333333
0.0 0.921875 0.6770833333333334 0.109375 0.24375
0.0 0.64375 0.5604166666666667 0.0171875 0.06458333333333334
0.0 0.659375 0.5770833333333333 0.021875 0.052083333333333336
0.0 0.503125 0.6 0.9921875 0.17083333333333334
