0.0 0.546875 0.8325471698113207 0.190625 0.30424528301886794
0.0 0.7 0.12264150943396226 0.0625 0.24528301886792453
0.0 0.1453125 0.2358490566037736 0.1640625 0.4740566037735849
0.0 0.2296875 0.25471698113207547 0.1265625 0.5070754716981132
0.0 0.8625 0.3608490566037736 0.1734375 0.41509433962264153
0.0 0.76875 0.7028301886792453 0.1609375 0.4056603773584906
0.0 0.4390625 0.44575471698113206 0.11875 0.2665094339622642
0.0 0.2984375 0.6132075471698113 0.14375 0.37735849056603776
0.0 0.3640625 0.1391509433962264 0.075 0.22169811320754718
0.0 0.384375 0.3136792452830189 0.13125 0.32075471698113206
0.0 0.2 0.8349056603773585 0.2203125 0.3018867924528302
0.0 0.5703125 0.16037735849056603 0.10625 0.22877358490566038
0.0 0.5109375 0.33254716981132076 0.08125 0.23113207547169812
0.0 0.5 0.4410377358490566 0.9984375 0.8797169811320755
