0.0 0.15 0.7364705882352941 0.1953125 0.2611764705882353
0.0 0.2828125 0.92 0.0953125 0.15764705882352942
0.0 0.515625 0.8047058823529412 0.2734375 0.3623529411764706
0.0 0.5 0.8705882352941177 0.1546875 0.25882352941176473
0.0 0.8484375 0.9458823529411765 0.1125 0.10823529411764705
0.0 0.60625 0.788235294117647 0.1296875 0.2988235294117647
0.0 0.059375 0.4964705882352941 0.11875 0.4235294117647059
0.0 0.121875 0.8941176470588236 0.1375 0.21176470588235294
0.0 0.1234375 0.5105882352941177 0.1171875 0.4235294117647059
0.0 0.25 0.7694117647058824 0.1078125 0.1623529411764706
0.0 0.584375 0.4211764705882353 0.18125 0.49176470588235294
0.0 0.840625 0.7529411764705882 0.065625 0.1411764705882353
0.0 0.1890625 0.9341176470588235 0.128125 0.13176470588235295
0.0 0.5 0.68 1.0 0.64
