0.0 0.4796875 0.71875 0.1921875 0.2916666666666667
0.0 0.3515625 0.06875 0.0703125 0.10208333333333333
0.0 0.4890625 0.10208333333333333 0.0671875 0.11666666666666667
0.0 0.6078125 0.5645833333333333 0.15 0.28958333333333336
0.0 0.9 0.59375 0.115625 0.35208333333333336
0.0 0.1125 0.8083333333333333 0.121875 0.3541666666666667
0.0 0.15 0.14583333333333334 0.0984375 0.27708333333333335
0.0 0.709375 0.7458333333333333 0.19375 0.28541666666666665
0.0 0.09375 0.24166666666666667 0.1046875 0.3375
0.0 0.7671875 0.25 0.0578125 0.125
0.0 0.540625 0.7479166666666667 0.2 0.375
0.0 0.7546875 0.39166666666666666 0.1359375 0.29791666666666666
0.0 0.4234375 0.45625 0.2 0.29583333333333334
0.0 0.4890625 0.19166666666666668 0.9796875 0.38333333333333336
