0.0 0.616822429906542 0.86875 0.016355140186915886 0.0140625
0.0 0.12383177570093458 0.8828125 0.028037383177570093 0.0265625
0.0 0.007009345794392523 0.8796875 0.016355140186915886 0.0234375
0.0 0.056074766355140186 0.8796875 0.02336448598130841 0.0265625
0.0 0.2523364485981308 0.88125 0.030373831775700934 0.0359375
0.0 0.6121495327102804 0.8875 0.02102803738317757 0.0328125
0.0 0.205607476635514 0.884375 0.02102803738317757 0.0265625
0.0 0.08177570093457943 0.878125 0.02102803738317757 0.03125
0.0 0.6542056074766355 0.8796875 0.02336448598130841 0.05
0.0 0.6915887850467289 0.884375 0.028037383177570093 0.03125
