0.0 0.3859375 0.07259953161592506 0.11875 0.14754098360655737
0.0 0.696875 0.09133489461358314 0.203125 0.17798594847775176
0.0 0.94375 0.09133489461358314 0.1109375 0.18501170960187355
0.0 0.49375 0.07728337236533958 0.109375 0.15690866510538642
0.0 0.8578125 0.08899297423887588 0.1625 0.17798594847775176
0.0 0.4109375 0.05152224824355972 0.05 0.10304449648711944
0.0 0.4390625 0.6112412177985949 0.375 0.775175644028103
0.0 0.08125 0.5105386416861827 0.1609375 0.936768149882904
0.0 0.5515625 0.09601873536299765 0.078125 0.1405152224824356
0.0 0.2515625 0.468384074941452 0.159375 0.9391100702576113
