0.0 0.25 0.6479166666666667 0.0109375 0.014583333333333334
0.0 0.071875 0.91875 0.0515625 0.1625
0.0 0.5875 0.6625 0.025 0.09583333333333334
0.0 0.18125 0.9375 0.0484375 0.0875
0.0 0.31875 0.6229166666666667 0.01875 0.01875
0.0 0.1125 0.7520833333333333 0.0390625 0.09166666666666666
0.0 0.6140625 0.6708333333333333 0.021875 0.041666666666666664
0.0 0.1546875 0.7916666666666666 0.0375 0.03333333333333333
0.0 0.9640625 0.6854166666666667 0.03125 0.06875
0.0 0.2546875 0.8729166666666667 0.0390625 0.13333333333333333
0.0 0.971875 0.6729166666666667 0.0375 0.05
0.0 0.240625 0.64375 0.0125 0.020833333333333332
0.0 0.315625 0.8729166666666667 0.0625 0.04583333333333333
