0.0 0.5109375 0.4979166666666667 0.1015625 0.3541666666666667
0.0 0.809375 0.39166666666666666 0.040625 0.058333333333333334
0.0 0.0828125 0.37083333333333335 0.040625 0.07708333333333334
0.0 0.396875 0.4979166666666667 0.1375 0.35625
0.0 0.64375 0.3020833333333333 0.046875 0.08125
0.0 0.675 0.19583333333333333 0.0375 0.06666666666666667
0.0 0.5984375 0.06041666666666667 0.03125 0.06458333333333334
0.0 0.25625 0.375 0.0453125 0.09166666666666666
0.0 0.7171875 0.17916666666666667 0.046875 0.04791666666666667
0.0 0.209375 0.37083333333333335 0.0453125 0.0875
0.0 0.6015625 0.2604166666666667 0.0515625 0.08541666666666667
0.0 0.715625 0.39375 0.0546875 0.07708333333333334
0.0 0.7359375 0.13958333333333334 0.0421875 0.075
0.0 0.5 0.3645833333333333 1.0 0.73125
