0.0 0.572289156626506 0.594 0.26506024096385544 0.534
0.0 0.41566265060240964 0.388 0.0783132530120482 0.042
0.0 0.34036144578313254 0.402 0.07530120481927711 0.038
0.0 0.4819277108433735 0.394 0.05421686746987952 0.04
0.0 0.10240963855421686 0.352 0.06626506024096386 0.066
0.0 0.14457831325301204 0.38 0.045180722891566265 0.018
0.0 0.39759036144578314 0.396 0.0391566265060241 0.024
0.0 0.2620481927710843 0.632 0.12048192771084337 0.154
0.0 0.3674698795180723 0.638 0.07228915662650602 0.142
0.0 0.045180722891566265 0.488 0.08734939759036145 0.048
0.0 0.012048192771084338 0.482 0.02710843373493976 0.046
0.0 0.20180722891566266 0.392 0.06325301204819277 0.044
0.0 0.9096385542168675 0.632 0.05120481927710843 0.086
0.0 0.22289156626506024 0.426 0.4186746987951807 0.204
