0.0 0.146875 0.8266978922716628 0.0265625 0.07962529274004684
0.0 0.240625 0.810304449648712 0.0125 0.04449648711943794
0.0 0.69375 0.8149882903981265 0.009375 0.04449648711943794
0.0 0.4390625 0.8173302107728337 0.0109375 0.06323185011709602
0.0 0.39375 0.8149882903981265 0.0109375 0.06323185011709602
0.0 0.2046875 0.819672131147541 0.0140625 0.08196721311475409
0.0 0.4015625 0.8149882903981265 0.0109375 0.0585480093676815
0.0 0.221875 0.8243559718969555 0.03125 0.07494145199063232
0.0 0.709375 0.8009367681498829 0.015625 0.02810304449648712
0.0 0.646875 0.8594847775175644 0.0640625 0.2388758782201405
0.0 0.484375 0.8173302107728337 0.0171875 0.06088992974238876
0.0 0.3765625 0.8173302107728337 0.009375 0.05620608899297424
0.0 0.29375 0.8149882903981265 0.0125 0.0351288056206089
0.0 0.4390625 0.8266978922716628 0.8125 0.09601873536299765
