0.0 0.09375 0.25146198830409355 0.065625 0.25146198830409355
0.0 0.178125 0.15789473684210525 0.096875 0.13255360623781676
0.0 0.4 0.32748538011695905 0.30625 0.45614035087719296
0.0 0.7625 0.1442495126705653 0.0359375 0.07212475633528265
0.0 0.0703125 0.15594541910331383 0.0546875 0.11306042884990253
0.0 0.2578125 0.23976608187134502 0.0578125 0.23586744639376217
0.0 0.8453125 0.24951267056530213 0.0640625 0.23976608187134502
0.0 0.5140625 0.25925925925925924 0.18125 0.2962962962962963
0.0 0.5796875 0.16764132553606237 0.0640625 0.09161793372319688
0.0 0.196875 0.253411306042885 0.078125 0.2202729044834308
0.0 0.8171875 0.14230019493177387 0.0328125 0.07992202729044834
0.0 0.525 0.15984405458089668 0.0484375 0.042884990253411304
0.0 0.7359375 0.20857699805068225 0.0421875 0.16569200779727095
0.0 0.5 0.15789473684210525 1.0 0.17348927875243664
