0.0 0.6609375 0.21041666666666667 0.0234375 0.058333333333333334
0.0 0.678125 0.5479166666666667 0.303125 0.8208333333333333
0.0 0.2078125 0.22916666666666666 0.028125 0.03958333333333333
0.0 0.85 0.42083333333333334 0.109375 0.25833333333333336
0.0 0.4671875 0.58125 0.2109375 0.39375
0.0 0.290625 0.26666666666666666 0.0328125 0.04791666666666667
0.0 0.5015625 0.325 0.065625 0.30625
0.0 0.725 0.24166666666666667 0.075 0.1375
0.0 0.171875 0.25625 0.0265625 0.07291666666666667
0.0 0.396875 0.3125 0.0203125 0.027083333333333334
0.0 0.1375 0.24166666666666667 0.021875 0.06875
0.0 0.35625 0.2833333333333333 0.0390625 0.1625
0.0 0.0375 0.23333333333333334 0.0234375 0.035416666666666666
0.0 0.390625 0.2791666666666667 0.3578125 0.15
