0.0 0.218 0.128 0.038 0.088
0.0 0.42 0.184 0.032 0.07466666666666667
0.0 0.4 0.19733333333333333 0.032 0.08533333333333333
0.0 0.32 0.5493333333333333 0.076 0.17066666666666666
0.0 0.496 0.512 0.088 0.232
0.0 0.302 0.06666666666666667 0.05 0.07466666666666667
0.0 0.276 0.06133333333333333 0.056 0.08266666666666667
0.0 0.302 0.424 0.054 0.16
0.0 0.21 0.488 0.076 0.27466666666666667
0.0 0.292 0.14933333333333335 0.04 0.088
0.0 0.478 0.24266666666666667 0.04 0.09066666666666667
0.0 0.26 0.48533333333333334 0.03 0.037333333333333336
0.0 0.252 0.18133333333333335 0.038 0.08533333333333333
0.0 0.5 0.28 0.996 0.48533333333333334
