0.0 0.65 0.4109375 0.008333333333333333 0.034375
0.0 0.55 0.3984375 0.029166666666666667 0.0671875
0.0 0.6229166666666667 0.396875 0.027083333333333334 0.075
0.0 0.5729166666666666 0.3953125 0.01875 0.0703125
0.0 0.46458333333333335 0.3921875 0.035416666666666666 0.084375
0.0 0.51875 0.3953125 0.022916666666666665 0.0734375
0.0 0.41041666666666665 0.6609375 0.49375 0.659375
0.0 0.6708333333333333 0.396875 0.04791666666666667 0.0828125
0.0 0.8104166666666667 0.578125 0.36666666666666664 0.80625
0.0 0.11458333333333333 0.45 0.22916666666666666 0.2171875
0.0 0.5958333333333333 0.3921875 0.03125 0.078125
0.0 0.14166666666666666 0.653125 0.2833333333333333 0.5421875
