0.0 0.98 0.5413333333333333 0.04 0.11466666666666667
0.0 0.774 0.6746666666666666 0.246 0.49333333333333335
0.0 0.61 0.544 0.078 0.16266666666666665
0.0 0.938 0.5813333333333334 0.124 0.24
0.0 0.292 0.416 0.31 0.5786666666666667
0.0 0.07 0.5946666666666667 0.14 0.2773333333333333
0.0 0.496 0.56 0.088 0.22666666666666666
0.0 0.912 0.43466666666666665 0.06 0.06933333333333333
0.0 0.552 0.5333333333333333 0.078 0.13866666666666666
0.0 0.858 0.5626666666666666 0.088 0.208
0.0 0.218 0.512 0.22 0.43733333333333335
0.0 0.03 0.5573333333333333 0.06 0.18933333333333333
