0.0 0.140625 0.15492957746478872 0.1015625 0.3075117370892019
0.0 0.2796875 0.352112676056338 0.2328125 0.6924882629107981
0.0 0.175 0.2347417840375587 0.125 0.45539906103286387
0.0 0.025 0.10328638497652583 0.0515625 0.20657276995305165
0.0 0.4328125 0.29107981220657275 0.1765625 0.5187793427230047
0.0 0.8484375 0.33098591549295775 0.128125 0.3873239436619718
0.0 0.6453125 0.5187793427230047 0.3390625 0.9342723004694836
0.0 0.9375 0.5821596244131455 0.125 0.8075117370892019
0.0 0.0625 0.13849765258215962 0.0640625 0.24413145539906103
0.0 0.55 0.5117370892018779 0.6796875 0.9483568075117371
