0.0 0.296875 0.3375 0.0484375 0.07708333333333334
0.0 0.1875 0.15 0.05 0.10208333333333333
0.0 0.2921875 0.23125 0.0546875 0.09375
0.0 0.3359375 0.2125 0.0796875 0.16458333333333333
0.0 0.2671875 0.13125 0.0359375 0.07291666666666667
0.0 0.51875 0.26666666666666666 0.053125 0.11458333333333333
0.0 0.1515625 0.33541666666666664 0.0765625 0.08541666666666667
0.0 0.20625 0.26666666666666666 0.0484375 0.10625
0.0 0.2109375 0.33958333333333335 0.0453125 0.07916666666666666
0.0 0.340625 0.2604166666666667 0.0515625 0.07291666666666667
0.0 0.2921875 0.2708333333333333 0.046875 0.09375
0.0 0.3375 0.5145833333333333 0.140625 0.5583333333333333
0.0 0.709375 0.29375 0.0546875 0.0625
0.0 0.503125 0.18541666666666667 0.9921875 0.3729166666666667
