0.0 0.32786885245901637 0.4328125 0.03044496487119438 0.075
0.0 0.3770491803278688 0.4265625 0.02576112412177986 0.0484375
0.0 0.19672131147540983 0.4203125 0.03044496487119438 0.0390625
0.0 0.1756440281030445 0.4203125 0.03278688524590164 0.0390625
0.0 0.4098360655737705 0.41875 0.0234192037470726 0.04375
0.0 0.0468384074941452 0.46875 0.06323185011709602 0.1375
0.0 0.2693208430913349 0.43125 0.03278688524590164 0.075
0.0 0.2997658079625293 0.4375 0.03747072599531616 0.084375
0.0 0.6346604215456675 0.4421875 0.06791569086651054 0.084375
0.0 0.2505854800936768 0.428125 0.01873536299765808 0.03125
0.0 0.20608899297423888 0.553125 0.053864168618266976 0.1625
0.0 0.11475409836065574 0.565625 0.17330210772833723 0.3421875
