0.0 0.7171875 0.4964871194379391 0.0140625 0.07962529274004684
0.0 0.0796875 0.48009367681498827 0.0203125 0.08665105386416862
0.0 0.728125 0.477751756440281 0.009375 0.0234192037470726
0.0 0.5 0.477751756440281 0.0265625 0.06557377049180328
0.0 0.203125 0.4613583138173302 0.00625 0.02810304449648712
0.0 0.609375 0.47540983606557374 0.0375 0.08196721311475409
0.0 0.734375 0.468384074941452 0.0078125 0.02576112412177986
0.0 0.6921875 0.4918032786885246 0.0140625 0.07728337236533958
0.0 0.6515625 0.48243559718969553 0.0375 0.08430913348946135
0.0 0.7453125 0.5175644028103045 0.03125 0.117096018735363
0.0 0.61875 0.49882903981264637 0.009375 0.02576112412177986
0.0 0.671875 0.48243559718969553 0.0203125 0.08665105386416862
0.0 0.703125 0.49414519906323184 0.0125 0.08196721311475409
