0.0 0.6078125 0.39344262295081966 0.0265625 0.10304449648711944
0.0 0.5640625 0.3770491803278688 0.0296875 0.12412177985948478
0.0 0.5015625 0.1873536299765808 0.0296875 0.04918032786885246
0.0 0.521875 0.7283372365339579 0.09375 0.20608899297423888
0.0 0.2171875 0.6978922716627635 0.0875 0.1920374707259953
0.0 0.621875 0.4566744730679157 0.04375 0.15690866510538642
0.0 0.8609375 0.4918032786885246 0.065625 0.1451990632318501
0.0 0.709375 0.1990632318501171 0.021875 0.03278688524590164
0.0 0.04375 0.3957845433255269 0.028125 0.09133489461358314
0.0 0.7828125 0.15456674473067916 0.0203125 0.03278688524590164
0.0 0.7359375 0.27634660421545665 0.034375 0.07259953161592506
0.0 0.1390625 0.4309133489461358 0.0375 0.09133489461358314
0.0 0.6703125 0.19437939110070257 0.0203125 0.04215456674473068
0.0 0.5 0.30679156908665106 0.9984375 0.6135831381733021
