0.0 0.115625 0.6604215456674473 0.2015625 0.5644028103044496
0.0 0.5359375 0.06557377049180328 0.1484375 0.12646370023419204
0.0 0.671875 0.03981264637002342 0.1171875 0.08196721311475409
0.0 0.275 0.7400468384074942 0.3015625 0.41451990632318503
0.0 0.1265625 0.07962529274004684 0.0953125 0.15690866510538642
0.0 0.6625 0.09133489461358314 0.1359375 0.16393442622950818
0.0 0.715625 0.6112412177985949 0.3953125 0.6932084309133489
0.0 0.546875 0.0936768149882904 0.1015625 0.17096018735362997
0.0 0.28125 0.11007025761124122 0.140625 0.2224824355971897
0.0 0.0515625 0.09836065573770492 0.0890625 0.1990632318501171
0.0 0.8125 0.08196721311475409 0.1203125 0.16627634660421545
0.0 0.9328125 0.08430913348946135 0.1296875 0.1686182669789227
