0.0 0.3546875 0.5333333333333333 0.1046875 0.35
0.0 0.059375 0.54375 0.1203125 0.5104166666666666
0.0 0.15 0.59375 0.0734375 0.3416666666666667
0.0 0.1984375 0.46041666666666664 0.03125 0.14166666666666666
0.0 0.4796875 0.50625 0.06875 0.2
0.0 0.15 0.45416666666666666 0.0921875 0.24791666666666667
0.0 0.6484375 0.47708333333333336 0.0671875 0.09166666666666666
0.0 0.9578125 0.5270833333333333 0.084375 0.22083333333333333
0.0 0.2234375 0.5416666666666666 0.0625 0.29791666666666666
0.0 0.4390625 0.43333333333333335 0.0421875 0.06875
0.0 0.315625 0.42291666666666666 0.0203125 0.029166666666666667
0.0 0.4953125 0.47708333333333336 0.06875 0.21458333333333332
0.0 0.640625 0.44583333333333336 0.196875 0.2791666666666667
0.0 0.546875 0.54375 0.6234375 0.3416666666666667
