0.0 0.432 0.3973333333333333 0.02 0.056
0.0 0.788 0.408 0.03 0.058666666666666666
0.0 0.972 0.416 0.032 0.096
0.0 0.324 0.3973333333333333 0.028 0.034666666666666665
0.0 0.9 0.416 0.046 0.072
0.0 0.354 0.4053333333333333 0.022 0.06933333333333333
0.0 0.304 0.47733333333333333 0.06 0.19733333333333333
0.0 0.95 0.4186666666666667 0.02 0.08
0.0 0.84 0.4026666666666667 0.03 0.08266666666666667
0.0 0.278 0.44 0.02 0.12266666666666666
0.0 0.186 0.42133333333333334 0.02 0.10133333333333333
0.0 0.21 0.4 0.028 0.056
0.0 0.156 0.68 0.14 0.64
0.0 0.512 0.41333333333333333 0.854 0.10133333333333333
