0.0 0.35625 0.3770491803278688 0.0140625 0.053864168618266976
0.0 0.8421875 0.5573770491803278 0.0890625 0.26697892271662765
0.0 0.9609375 0.3185011709601874 0.0234375 0.05620608899297424
0.0 0.7421875 0.25526932084309134 0.015625 0.02810304449648712
0.0 0.721875 0.38875878220140514 0.0171875 0.07728337236533958
0.0 0.2453125 0.34660421545667447 0.009375 0.02107728337236534
0.0 0.6328125 0.3255269320843091 0.0140625 0.02576112412177986
0.0 0.7640625 0.2388758782201405 0.01875 0.0351288056206089
0.0 0.8578125 0.405152224824356 0.0421875 0.08899297423887588
0.0 0.265625 0.16393442622950818 0.009375 0.02810304449648712
0.0 0.44375 0.16393442622950818 0.009375 0.03044496487119438
0.0 0.75 0.3629976580796253 0.025 0.0351288056206089
0.0 0.4625 0.16159250585480095 0.0078125 0.02576112412177986
0.0 0.5 0.22014051522248243 0.9984375 0.44028103044496486
