0.0 0.25 0.435 0.175 0.49833333333333335
0.0 0.921875 0.4266666666666667 0.1546875 0.36333333333333334
0.0 0.96875 0.23833333333333334 0.0375 0.06833333333333333
0.0 0.575 0.21833333333333332 0.0140625 0.03
0.0 0.39375 0.49333333333333335 0.1828125 0.555
0.0 0.4640625 0.21833333333333332 0.0359375 0.04666666666666667
0.0 0.5296875 0.22333333333333333 0.0296875 0.03
0.0 0.434375 0.21833333333333332 0.0203125 0.058333333333333334
0.0 0.4921875 0.225 0.021875 0.028333333333333332
0.0 0.5640625 0.225 0.0328125 0.03166666666666667
0.0 0.346875 0.22333333333333333 0.0203125 0.05
0.0 0.78125 0.36666666666666664 0.2171875 0.34833333333333333
0.0 0.1078125 0.3516666666666667 0.109375 0.16833333333333333
0.0 0.4796875 0.295 0.959375 0.24
