0.0 0.7546875 0.28541666666666665 0.0125 0.05625
0.0 0.8296875 0.37083333333333335 0.0734375 0.25
0.0 0.8078125 0.2916666666666667 0.025 0.07916666666666666
0.0 0.778125 0.29583333333333334 0.0234375 0.09166666666666666
0.0 0.4703125 0.54375 0.2 0.7166666666666667
0.0 0.1125 0.4041666666666667 0.08125 0.30416666666666664
0.0 0.7640625 0.28541666666666665 0.009375 0.052083333333333336
0.0 0.7 0.55625 0.171875 0.725
0.0 0.8078125 0.49166666666666664 0.38125 0.975
0.0 0.796875 0.28125 0.0125 0.04583333333333333
0.0 0.59375 0.575 0.1953125 0.825
0.0 0.2765625 0.525 0.31875 0.9479166666666666
