0.0 0.1671875 0.8548009367681498 0.0125 0.03278688524590164
0.0 0.3609375 0.6533957845433255 0.0703125 0.14988290398126464
0.0 0.2171875 0.8056206088992974 0.0765625 0.14988290398126464
0.0 0.1484375 0.8477751756440282 0.0265625 0.08430913348946135
0.0 0.5296875 0.4426229508196721 0.40625 0.6370023419203747
0.0 0.94375 0.6276346604215457 0.09375 0.22716627634660422
0.0 0.0640625 0.8571428571428571 0.1 0.1451990632318501
0.0 0.3765625 0.8758782201405152 0.071875 0.14285714285714285
0.0 0.39375 0.6908665105386417 0.025 0.08899297423887588
0.0 0.875 0.5807962529274004 0.0890625 0.3840749414519906
0.0 0.40625 0.9063231850117096 0.01875 0.08430913348946135
0.0 0.275 0.8290398126463701 0.025 0.09133489461358314
