0.0 0.6984375 0.10098522167487685 0.078125 0.08620689655172414
0.0 0.4328125 0.24876847290640394 0.05625 0.08866995073891626
0.0 0.6203125 0.06896551724137931 0.0625 0.08374384236453201
0.0 0.1640625 0.6600985221674877 0.0125 0.06403940886699508
0.0 0.1390625 0.6379310344827587 0.009375 0.034482758620689655
0.0 0.40625 0.2660098522167488 0.028125 0.0665024630541872
0.0 0.6375 0.5738916256157636 0.0859375 0.15763546798029557
0.0 0.425 0.23399014778325122 0.0265625 0.05665024630541872
0.0 0.46875 0.16009852216748768 0.0515625 0.09852216748768473
0.0 0.571875 0.14039408866995073 0.0640625 0.14285714285714285
0.0 0.51875 0.09113300492610837 0.0234375 0.04433497536945813
0.0 0.346875 0.41379310344827586 0.0140625 0.07389162561576355
0.0 0.3921875 0.2955665024630542 0.0390625 0.05665024630541872
0.0 0.3734375 0.35960591133004927 0.03125 0.054187192118226604
