0.0 0.2579787234042553 0.536 0.026595744680851064 0.03
0.0 0.40691489361702127 0.754 0.12234042553191489 0.474
0.0 0.3404255319148936 0.592 0.06914893617021277 0.086
0.0 0.05851063829787234 0.562 0.031914893617021274 0.084
0.0 0.7925531914893617 0.694 0.40425531914893614 0.584
0.0 0.16489361702127658 0.566 0.034574468085106384 0.096
0.0 0.21010638297872342 0.576 0.031914893617021274 0.072
0.0 0.648936170212766 0.59 0.08776595744680851 0.076
0.0 0.2925531914893617 0.704 0.11702127659574468 0.326
0.0 0.5079787234042553 0.724 0.22074468085106383 0.528
0.0 0.11702127659574468 0.568 0.031914893617021274 0.074
0.0 0.026595744680851064 0.626 0.05319148936170213 0.162
