0.0 0.2734375 0.38967136150234744 0.0328125 0.12441314553990611
0.0 0.3953125 0.33568075117370894 0.0203125 0.03051643192488263
0.0 0.315625 0.3873239436619718 0.0265625 0.13380281690140844
0.0 0.13125 0.45774647887323944 0.0453125 0.24882629107981222
0.0 0.2890625 0.3873239436619718 0.01875 0.12206572769953052
0.0 0.071875 0.4788732394366197 0.096875 0.32629107981220656
0.0 0.3625 0.3380281690140845 0.0265625 0.03286384976525822
0.0 0.2484375 0.3755868544600939 0.0203125 0.09154929577464789
0.0 0.1796875 0.4624413145539906 0.0859375 0.32629107981220656
0.0 0.2578125 0.3685446009389671 0.0171875 0.09389671361502347
0.0 0.3390625 0.3380281690140845 0.0203125 0.04929577464788732
0.0 0.8953125 0.4061032863849765 0.0171875 0.07746478873239436
0.0 0.978125 0.45774647887323944 0.0421875 0.2323943661971831
