0.0 0.5854166666666667 0.54375 0.5354166666666667 0.509375
0.0 0.03125 0.853125 0.06458333333333334 0.29375
0.0 0.9666666666666667 0.4515625 0.06666666666666667 0.21875
0.0 0.9333333333333333 0.4046875 0.08958333333333333 0.1
0.0 0.22916666666666666 0.5875 0.225 0.55625
0.0 0.16458333333333333 0.65 0.33125 0.7
0.0 0.7479166666666667 0.45 0.12083333333333333 0.1234375
0.0 0.7708333333333334 0.3625 0.07916666666666666 0.0734375
0.0 0.88125 0.55625 0.2375 0.375
0.0 0.022916666666666665 0.39375 0.04583333333333333 0.0734375
