0.0 0.45625 0.5354166666666667 0.0828125 0.3
0.0 0.571875 0.17083333333333334 0.0390625 0.16875
0.0 0.6390625 0.525 0.0796875 0.26875
0.0 0.30625 0.5145833333333333 0.0828125 0.3
0.0 0.6046875 0.15625 0.0578125 0.19583333333333333
0.0 0.41875 0.47291666666666665 0.0546875 0.1875
0.0 0.4921875 0.5145833333333333 0.065625 0.27708333333333335
0.0 0.6625 0.20208333333333334 0.0453125 0.1
0.0 0.359375 0.5145833333333333 0.06875 0.30833333333333335
0.0 0.509375 0.19166666666666668 0.04375 0.11875
0.0 0.3921875 0.16458333333333333 0.0328125 0.14375
