0.0 0.0921875 0.8056206088992974 0.178125 0.3629976580796253
0.0 0.2015625 0.6627634660421545 0.025 0.0585480093676815
0.0 0.4109375 0.7072599531615925 0.0203125 0.09836065573770492
0.0 0.425 0.6978922716627635 0.040625 0.08196721311475409
0.0 0.4265625 0.6627634660421545 0.0140625 0.04215456674473068
0.0 0.4671875 0.8360655737704918 0.0796875 0.3044496487119438
0.0 0.45 0.6932084309133489 0.0234375 0.09601873536299765
0.0 0.89375 0.7775175644028103 0.0484375 0.1053864168618267
0.0 0.5546875 0.8290398126463701 0.1015625 0.297423887587822
0.0 0.1765625 0.6604215456674473 0.0265625 0.06791569086651054
0.0 0.74375 0.7845433255269321 0.1625 0.30210772833723654
0.0 0.84375 0.7939110070257611 0.1421875 0.2927400468384075
0.0 0.4890625 0.7189695550351288 0.040625 0.1288056206088993
