0.0 0.959375 0.5823665893271461 0.034375 0.1925754060324826
0.0 0.9828125 0.505800464037123 0.0140625 0.04408352668213457
0.0 0.4875 0.271461716937355 0.01875 0.05336426914153132
0.0 0.44375 0.3062645011600928 0.0265625 0.09280742459396751
0.0 0.6375 0.2923433874709977 0.0171875 0.048723897911832945
0.0 0.3921875 0.3109048723897912 0.0203125 0.08120649651972157
0.0 0.475 0.3039443155452436 0.015625 0.0951276102088167
0.0 0.5859375 0.2923433874709977 0.0265625 0.07888631090487239
0.0 0.9734375 0.5962877030162413 0.040625 0.18329466357308585
0.0 0.8453125 0.5545243619489559 0.0296875 0.16473317865429235
0.0 0.9203125 0.5916473317865429 0.0390625 0.18561484918793503
