0.0 0.8515625 0.19166666666666668 0.071875 0.20833333333333334
0.0 0.19375 0.16666666666666666 0.05 0.275
0.0 0.2875 0.09166666666666666 0.0390625 0.125
0.0 0.25625 0.15555555555555556 0.0296875 0.058333333333333334
0.0 0.51875 0.10277777777777777 0.0328125 0.08888888888888889
0.0 0.7546875 0.3611111111111111 0.1375 0.4166666666666667
0.0 0.01875 0.16944444444444445 0.0390625 0.3333333333333333
0.0 0.1328125 0.11666666666666667 0.04375 0.20277777777777778
0.0 0.290625 0.3611111111111111 0.1125 0.4222222222222222
0.0 0.509375 0.1638888888888889 0.059375 0.17222222222222222
