0.0 0.21333333333333335 0.888 0.032 0.072
0.0 0.536 0.946 0.04 0.108
0.0 0.5013333333333333 0.952 0.050666666666666665 0.096
0.0 0.33866666666666667 0.836 0.021333333333333333 0.022
0.0 0.2826666666666667 0.832 0.02666666666666667 0.044
0.0 0.7706666666666667 0.784 0.09333333333333334 0.142
0.0 0.12533333333333332 0.972 0.04533333333333334 0.054
0.0 0.30666666666666664 0.844 0.021333333333333333 0.048
0.0 0.4746666666666667 0.856 0.021333333333333333 0.05
0.0 0.9573333333333334 0.792 0.058666666666666666 0.144
0.0 0.8373333333333334 0.766 0.072 0.158
0.0 0.8506666666666667 0.966 0.11466666666666667 0.064
0.0 0.5413333333333333 0.826 0.029333333333333333 0.044
0.0 0.5013333333333333 0.5 0.9973333333333333 1.0
