0.0 0.328 0.7657657657657657 0.308 0.42042042042042044
0.0 0.144 0.6996996996996997 0.22 0.5465465465465466
0.0 0.086 0.36936936936936937 0.1 0.15615615615615616
0.0 0.478 0.30930930930930933 0.094 0.16216216216216217
0.0 0.116 0.021021021021021023 0.072 0.042042042042042045
0.0 0.15 0.33633633633633636 0.106 0.1891891891891892
0.0 0.864 0.26126126126126126 0.17 0.16216216216216217
0.0 0.24 0.3183183183183183 0.132 0.2072072072072072
0.0 0.61 0.5615615615615616 0.194 0.6966966966966966
0.0 0.392 0.3063063063063063 0.104 0.17117117117117117
