0.0 0.95 0.7234375 0.03333333333333333 0.0375
0.0 0.19791666666666666 0.740625 0.03125 0.103125
0.0 0.86875 0.75625 0.0625 0.0984375
0.0 0.22291666666666668 0.7125 0.016666666666666666 0.0234375
0.0 0.8458333333333333 0.715625 0.03958333333333333 0.046875
0.0 0.6729166666666667 0.709375 0.01875 0.0265625
0.0 0.3333333333333333 0.7078125 0.014583333333333334 0.0359375
0.0 0.09583333333333334 0.74375 0.058333333333333334 0.115625
0.0 0.17083333333333334 0.7390625 0.05 0.1125
0.0 0.9833333333333333 0.7265625 0.025 0.0375
