0.0 0.602 0.3333333333333333 0.018 0.10933333333333334
0.0 0.958 0.2773333333333333 0.03 0.058666666666666666
0.0 0.122 0.25866666666666666 0.12 0.2
0.0 0.722 0.30933333333333335 0.02 0.09333333333333334
0.0 0.672 0.264 0.008 0.029333333333333333
0.0 0.772 0.32266666666666666 0.036 0.13333333333333333
0.0 0.576 0.33066666666666666 0.026 0.10933333333333334
0.0 0.51 0.31466666666666665 0.032 0.12533333333333332
0.0 0.676 0.32 0.03 0.10933333333333334
0.0 0.446 0.31466666666666665 0.03 0.09066666666666667
0.0 0.53 0.32266666666666666 0.026 0.128
0.0 0.49 0.29333333333333333 0.02 0.05333333333333334
