0.0 0.4046875 0.5270588235294118 0.3796875 0.8258823529411765
0.0 0.065625 0.17882352941176471 0.040625 0.11294117647058824
0.0 0.2671875 0.2917647058823529 0.040625 0.07294117647058823
0.0 0.2109375 0.4470588235294118 0.0828125 0.3976470588235294
0.0 0.6265625 0.2635294117647059 0.078125 0.09176470588235294
0.0 0.6609375 0.24235294117647058 0.059375 0.13411764705882354
0.0 0.7390625 0.36705882352941177 0.0875 0.35764705882352943
0.0 0.725 0.20470588235294118 0.034375 0.1223529411764706
0.0 0.7765625 0.24235294117647058 0.0359375 0.06823529411764706
0.0 0.6203125 0.1976470588235294 0.04375 0.047058823529411764
0.0 0.0671875 0.5764705882352941 0.1328125 0.8211764705882353
0.0 0.55625 0.2611764705882353 0.06875 0.10352941176470588
0.0 0.753125 0.17882352941176471 0.03125 0.05647058823529412
0.0 0.4796875 0.19294117647058823 0.8765625 0.3035294117647059
