0.0 0.715962441314554 0.14375 0.10093896713615023 0.10625
0.0 0.7136150234741784 0.696875 0.5422535211267606 0.3796875
0.0 0.636150234741784 0.14375 0.11032863849765258 0.1
0.0 0.8262910798122066 0.1359375 0.056338028169014086 0.05
0.0 0.16901408450704225 0.0828125 0.12910798122065728 0.1546875
0.0 0.3873239436619718 0.4765625 0.6713615023474179 0.6078125
0.0 0.08685446009389672 0.096875 0.107981220657277 0.1875
0.0 0.9577464788732394 0.15 0.08450704225352113 0.103125
0.0 0.9389671361502347 0.1078125 0.09624413145539906 0.08125
0.0 0.30985915492957744 0.0640625 0.08215962441314555 0.0984375
0.0 0.40375586854460094 0.1109375 0.08215962441314555 0.0921875
0.0 0.6220657276995305 0.0875 0.13615023474178403 0.103125
0.0 0.812206572769953 0.0484375 0.08685446009389672 0.0796875
0.0 0.5 0.128125 0.9976525821596244 0.25625
