0.0 0.46604215456674475 0.6234375 0.16627634660421545 0.0671875
0.0 0.1053864168618267 0.6046875 0.1522248243559719 0.1
0.0 0.2857142857142857 0.5390625 0.1358313817330211 0.1046875
0.0 0.9508196721311475 0.496875 0.08899297423887588 0.1171875
0.0 0.9414519906323185 0.4109375 0.09836065573770492 0.0765625
0.0 0.8969555035128806 0.5140625 0.11007025761124122 0.1265625
0.0 0.16393442622950818 0.55 0.12412177985948478 0.096875
0.0 0.2857142857142857 0.6046875 0.13348946135831383 0.1046875
0.0 0.7587822014051522 0.1953125 0.07962529274004684 0.0796875
0.0 0.8454332552693209 0.421875 0.13348946135831383 0.1140625
0.0 0.5362997658079626 0.421875 0.08196721311475409 0.075
0.0 0.6533957845433255 0.53125 0.6018735362997658 0.5890625
0.0 0.40749414519906324 0.41875 0.16627634660421545 0.0703125
0.0 0.5011709601873536 0.3359375 0.9976580796252927 0.6734375
