0.0 0.35 0.20422535211267606 0.0546875 0.20657276995305165
0.0 0.225 0.3286384976525822 0.071875 0.2535211267605634
0.0 0.625 0.4647887323943662 0.084375 0.31220657276995306
0.0 0.36875 0.607981220657277 0.0984375 0.3215962441314554
0.0 0.428125 0.20187793427230047 0.0890625 0.2112676056338028
0.0 0.3375 0.8051643192488263 0.134375 0.31690140845070425
0.0 0.5859375 0.5915492957746479 0.1 0.32629107981220656
0.0 0.9296875 0.6643192488262911 0.11875 0.4061032863849765
0.0 0.578125 0.3051643192488263 0.0859375 0.24647887323943662
0.0 0.459375 0.47183098591549294 0.0859375 0.3051643192488263
0.0 0.4875 0.3732394366197183 0.0828125 0.32629107981220656
0.0 0.7734375 0.3403755868544601 0.103125 0.23708920187793428
0.0 0.05625 0.6713615023474179 0.1078125 0.4647887323943662
0.0 0.5 0.5352112676056338 1.0 0.9131455399061033
