0.0 0.4125 0.48873873873873874 0.1140625 0.32882882882882886
0.0 0.64375 0.759009009009009 0.1375 0.4797297297297297
0.0 0.190625 0.6486486486486487 0.121875 0.6193693693693694
0.0 0.7703125 0.7567567567567568 0.1375 0.48423423423423423
0.0 0.3078125 0.5022522522522522 0.1 0.32657657657657657
0.0 0.2578125 0.7297297297297297 0.14375 0.49774774774774777
0.0 0.64375 0.4864864864864865 0.11875 0.30180180180180183
0.0 0.5109375 0.7454954954954955 0.1359375 0.5067567567567568
0.0 0.7578125 0.5135135135135135 0.1171875 0.34459459459459457
0.0 0.53125 0.44594594594594594 0.125 0.30405405405405406
0.0 0.3796875 0.7364864864864865 0.1390625 0.49324324324324326
