0.0 0.3890625 0.46261682242990654 0.0859375 0.12383177570093458
0.0 0.340625 0.5397196261682243 0.065625 0.3107476635514019
0.0 0.259375 0.5841121495327103 0.084375 0.4485981308411215
0.0 0.5078125 0.6051401869158879 0.0421875 0.34813084112149534
0.0 0.44375 0.4883177570093458 0.0171875 0.0397196261682243
0.0 0.7515625 0.572429906542056 0.4953125 0.8294392523364486
0.0 0.45625 0.6728971962616822 0.0703125 0.308411214953271
0.0 0.6234375 0.4976635514018692 0.0453125 0.1705607476635514
0.0 0.378125 0.6705607476635514 0.2109375 0.4672897196261682
0.0 0.209375 0.6542056074766355 0.1125 0.47897196261682246
0.0 0.13125 0.6355140186915887 0.0828125 0.4532710280373832
0.0 0.3078125 0.4672897196261682 0.025 0.08878504672897196
