0.0 0.11274509803921569 0.5473856209150327 0.11274509803921569 0.3349673202614379
0.0 0.6601307189542484 0.4542483660130719 0.03104575163398693 0.09967320261437909
0.0 0.315359477124183 0.4624183006535948 0.03758169934640523 0.13562091503267973
0.0 0.7271241830065359 0.4444444444444444 0.02287581699346405 0.08660130718954248
0.0 0.6258169934640523 0.44281045751633985 0.04084967320261438 0.10294117647058823
0.0 0.4199346405228758 0.6617647058823529 0.2042483660130719 0.630718954248366
0.0 0.7843137254901961 0.46405228758169936 0.032679738562091505 0.13725490196078433
0.0 0.511437908496732 0.4297385620915033 0.029411764705882353 0.07516339869281045
0.0 0.14869281045751634 0.42810457516339867 0.0196078431372549 0.06699346405228758
0.0 0.7516339869281046 0.46405228758169936 0.05065359477124183 0.14052287581699346
0.0 0.5375816993464052 0.4395424836601307 0.02287581699346405 0.07026143790849673
0.0 0.4869281045751634 0.4264705882352941 0.03594771241830065 0.09477124183006536
0.0 0.4918300653594771 0.5522875816993464 0.9803921568627451 0.3627450980392157
