0.0 0.8796875 0.5456674473067916 0.003125 0.0117096018735363
0.0 0.2703125 0.6042154566744731 0.00625 0.00702576112412178
0.0 0.803125 0.531615925058548 0.0046875 0.01639344262295082
0.0 0.9046875 0.4918032786885246 0.0140625 0.01873536299765808
0.0 0.5375 0.8477751756440282 0.040625 0.16627634660421545
0.0 0.890625 0.5409836065573771 0.0046875 0.0117096018735363
0.0 0.925 0.49882903981264637 0.0078125 0.0117096018735363
0.0 0.125 0.5831381733021077 0.0109375 0.03981264637002342
0.0 0.9640625 0.5152224824355972 0.009375 0.01405152224824356
0.0 0.1375 0.6159250585480094 0.0078125 0.01405152224824356
0.0 0.975 0.5128805620608899 0.0046875 0.01639344262295082
0.0 0.9125 0.4964871194379391 0.0046875 0.02107728337236534
0.0 0.5859375 0.8548009367681498 0.0453125 0.16159250585480095
0.0 0.4625 0.5550351288056206 0.903125 0.15456674473067916
