0.0 0.7049180327868853 0.88125 0.04449648711943794 0.05
0.0 0.9437939110070258 0.84375 0.01639344262295082 0.028125
0.0 0.21779859484777517 0.90625 0.06791569086651054 0.04375
0.0 0.6768149882903981 0.85 0.01405152224824356 0.0390625
0.0 0.0585480093676815 0.8546875 0.0234192037470726 0.0359375
0.0 0.24355971896955503 0.853125 0.0117096018735363 0.0296875
0.0 0.3044496487119438 0.878125 0.0468384074941452 0.0453125
0.0 0.25526932084309134 0.853125 0.0117096018735363 0.0328125
0.0 0.3091334894613583 0.85 0.0234192037470726 0.01875
0.0 0.08899297423887588 0.8609375 0.01873536299765808 0.028125
