0.0 0.37658227848101267 0.30625 0.07278481012658228 0.1078125
0.0 0.4477848101265823 0.446875 0.06645569620253164 0.1328125
0.0 0.16772151898734178 0.4296875 0.07911392405063292 0.078125
0.0 0.509493670886076 0.434375 0.07436708860759493 0.121875
0.0 0.4161392405063291 0.38125 0.06962025316455696 0.090625
0.0 0.3987341772151899 0.35 0.06329113924050633 0.0984375
0.0 0.36550632911392406 0.2640625 0.06487341772151899 0.0875
0.0 0.13924050632911392 0.2078125 0.05379746835443038 0.1140625
0.0 0.5522151898734177 0.5515625 0.43829113924050633 0.753125
0.0 0.43037974683544306 0.540625 0.08227848101265822 0.0921875
0.0 0.21360759493670886 0.340625 0.0759493670886076 0.08125
0.0 0.15031645569620253 0.228125 0.04113924050632911 0.078125
0.0 0.09177215189873418 0.3375 0.07911392405063292 0.1046875
0.0 0.5 0.296875 1.0 0.5953125
