0.0 0.6984375 0.5226480836236934 0.1859375 0.21080139372822299
0.0 0.7484375 0.3780487804878049 0.11875 0.2508710801393728
0.0 0.8578125 0.4843205574912892 0.1171875 0.1445993031358885
0.0 0.5140625 0.3902439024390244 0.1125 0.23519163763066203
0.0 0.325 0.47560975609756095 0.1515625 0.1759581881533101
0.0 0.653125 0.3344947735191638 0.0875 0.13240418118466898
0.0 0.08125 0.48257839721254353 0.1484375 0.1672473867595819
0.0 0.7375 0.4912891986062718 0.0875 0.13414634146341464
0.0 0.4125 0.3989547038327526 0.1390625 0.21080139372822299
0.0 0.465625 0.49477351916376305 0.09375 0.17247386759581881
0.0 0.959375 0.47038327526132406 0.0796875 0.10452961672473868
