0.0 0.178125 0.875 0.0296875 0.07083333333333333
0.0 0.253125 0.83125 0.0609375 0.15416666666666667
0.0 0.6 0.8541666666666666 0.028125 0.06458333333333334
0.0 0.95625 0.8416666666666667 0.0453125 0.19791666666666666
0.0 0.75 0.89375 0.0515625 0.1625
0.0 0.415625 0.8104166666666667 0.0078125 0.0375
0.0 0.871875 0.79375 0.0171875 0.06458333333333334
0.0 0.90625 0.825 0.0546875 0.22708333333333333
0.0 0.196875 0.8229166666666666 0.0109375 0.03958333333333333
0.0 0.5390625 0.7895833333333333 0.0109375 0.03958333333333333
0.0 0.371875 0.8416666666666667 0.0515625 0.09375
0.0 0.6484375 0.84375 0.0421875 0.09375
0.0 0.6890625 0.8041666666666667 0.0453125 0.14166666666666666
0.0 0.396875 0.8458333333333333 0.771875 0.15208333333333332
