0.0 0.4613333333333333 0.254 0.08266666666666667 0.158
0.0 0.256 0.624 0.13866666666666666 0.31
0.0 0.3253333333333333 0.568 0.072 0.188
0.0 0.6906666666666667 0.288 0.15466666666666667 0.134
0.0 0.4186666666666667 0.534 0.04533333333333334 0.056
0.0 0.5413333333333333 0.278 0.08533333333333333 0.124
0.0 0.5946666666666667 0.244 0.04533333333333334 0.058
0.0 0.9146666666666666 0.592 0.024 0.064
0.0 0.384 0.496 0.032 0.03
0.0 0.43733333333333335 0.216 0.042666666666666665 0.066
0.0 0.38133333333333336 0.552 0.04 0.084
0.0 0.7093333333333334 0.256 0.037333333333333336 0.058
0.0 0.9173333333333333 0.6 0.029333333333333333 0.048
0.0 0.536 0.374 0.4 0.312
