0.0 0.721875 0.6018735362997658 0.075 0.33021077283372363
0.0 0.265625 0.6252927400468384 0.03125 0.07259953161592506
0.0 0.775 0.5714285714285714 0.053125 0.2224824355971897
0.0 0.1875 0.6182669789227166 0.03125 0.09601873536299765
0.0 0.20625 0.7259953161592506 0.0625 0.1053864168618267
0.0 0.6609375 0.5714285714285714 0.0546875 0.15690866510538642
0.0 0.4546875 0.6159250585480094 0.04375 0.16627634660421545
0.0 0.903125 0.4519906323185012 0.0875 0.1756440281030445
0.0 0.14375 0.6697892271662763 0.0546875 0.12412177985948478
0.0 0.953125 0.5995316159250585 0.090625 0.6932084309133489
0.0 0.0421875 0.6370023419203747 0.0515625 0.1288056206088993
0.0 0.0859375 0.639344262295082 0.0484375 0.12412177985948478
0.0 0.5171875 0.4379391100702576 0.16875 0.4496487119437939
0.0 0.4890625 0.5714285714285714 0.95625 0.5245901639344263
