0.0 0.35 0.6541666666666667 0.0234375 0.041666666666666664
0.0 0.128125 0.8479166666666667 0.1296875 0.2708333333333333
0.0 0.265625 0.7229166666666667 0.0578125 0.14166666666666666
0.0 0.3765625 0.7 0.040625 0.12291666666666666
0.0 0.4140625 0.6520833333333333 0.0203125 0.0375
0.0 0.2046875 0.7145833333333333 0.04375 0.12708333333333333
0.0 0.3234375 0.6854166666666667 0.0359375 0.09375
0.0 0.5015625 0.6520833333333333 0.0234375 0.06875
0.0 0.4609375 0.6583333333333333 0.028125 0.05
0.0 0.1578125 0.8395833333333333 0.0890625 0.27291666666666664
0.0 0.3 0.6645833333333333 0.0203125 0.05416666666666667
0.0 0.2375 0.66875 0.0265625 0.058333333333333334
