0.0 0.6359375 0.4791666666666667 0.046875 0.12083333333333333
0.0 0.3484375 0.5416666666666666 0.040625 0.18958333333333333
0.0 0.3984375 0.5333333333333333 0.04375 0.2
0.0 0.509375 0.48541666666666666 0.046875 0.11875
0.0 0.60625 0.4875 0.0328125 0.1375
0.0 0.434375 0.5416666666666666 0.0375 0.19375
0.0 0.321875 0.54375 0.0484375 0.17916666666666667
0.0 0.1296875 0.49375 0.253125 0.9895833333333334
0.0 0.8921875 0.5416666666666666 0.0640625 0.28125
0.0 0.7796875 0.5208333333333334 0.0328125 0.08958333333333333
0.0 0.70625 0.475 0.046875 0.12916666666666668
0.0 0.9375 0.5645833333333333 0.071875 0.2791666666666667
