0.0 0.746875 0.3559718969555035 0.0421875 0.16627634660421545
0.0 0.84375 0.4262295081967213 0.134375 0.2459016393442623
0.0 0.659375 0.4426229508196721 0.103125 0.30679156908665106
0.0 0.571875 0.4168618266978923 0.0765625 0.26229508196721313
0.0 0.4421875 0.32084309133489464 0.0453125 0.1522248243559719
0.0 0.946875 0.3442622950819672 0.05625 0.13348946135831383
0.0 0.9 0.4262295081967213 0.0828125 0.22716627634660422
0.0 0.1765625 0.49882903981264637 0.3484375 1.0
0.0 0.7359375 0.41920374707259955 0.1015625 0.26229508196721313
0.0 0.515625 0.550351288056206 0.2234375 0.6112412177985949
