0.0 0.3734375 0.2850467289719626 0.015625 0.05841121495327103
0.0 0.3265625 0.3247663551401869 0.0109375 0.06775700934579439
0.0 0.190625 0.42757009345794394 0.0171875 0.07242990654205607
0.0 0.18125 0.45560747663551404 0.021875 0.053738317757009345
0.0 0.115625 0.5373831775700935 0.01875 0.08411214953271028
0.0 0.0140625 0.6635514018691588 0.025 0.13317757009345793
0.0 0.2578125 0.4205607476635514 0.0296875 0.04672897196261682
0.0 0.8421875 0.40654205607476634 0.0265625 0.0911214953271028
0.0 0.7546875 0.4135514018691589 0.034375 0.09579439252336448
0.0 0.3046875 0.35514018691588783 0.0234375 0.06775700934579439
0.0 0.2109375 0.4369158878504673 0.0171875 0.04906542056074766
0.0 0.759375 0.3878504672897196 0.009375 0.035046728971962614
0.0 0.35 0.29205607476635514 0.0109375 0.05841121495327103
