0.0 0.704 0.8773333333333333 0.09 0.16266666666666665
0.0 0.946 0.88 0.104 0.24
0.0 0.836 0.3626666666666667 0.042 0.13866666666666666
0.0 0.69 0.808 0.042 0.04533333333333334
0.0 0.132 0.848 0.24 0.2773333333333333
0.0 0.798 0.88 0.168 0.21333333333333335
0.0 0.674 0.9573333333333334 0.102 0.08533333333333333
0.0 0.864 0.224 0.014 0.024
0.0 0.726 0.33066666666666666 0.028 0.08266666666666667
0.0 0.4 0.8666666666666667 0.42 0.26666666666666666
0.0 0.604 0.8666666666666667 0.144 0.2613333333333333
0.0 0.134 0.352 0.032 0.09066666666666667
0.0 0.19 0.49066666666666664 0.074 0.22933333333333333
0.0 0.458 0.52 0.916 0.8693333333333333
