0.0 0.6708333333333333 0.2734375 0.04583333333333333 0.1265625
0.0 0.175 0.315625 0.07083333333333333 0.090625
0.0 0.5375 0.565625 0.24583333333333332 0.490625
0.0 0.9145833333333333 0.3265625 0.11875 0.2625
0.0 0.20833333333333334 0.6765625 0.325 0.384375
0.0 0.13333333333333333 0.3578125 0.16666666666666666 0.084375
0.0 0.7145833333333333 0.3046875 0.06666666666666667 0.0765625
0.0 0.20833333333333334 0.3015625 0.05625 0.0484375
0.0 0.5895833333333333 0.3109375 0.029166666666666667 0.0171875
0.0 0.25625 0.3453125 0.1 0.084375
0.0 0.2875 0.328125 0.06666666666666667 0.0625
0.0 0.33958333333333335 0.33125 0.03333333333333333 0.0578125
0.0 0.3854166666666667 0.3078125 0.06458333333333334 0.1046875
0.0 0.3458333333333333 0.290625 0.6 0.13125
