0.0 0.5921875 0.1463963963963964 0.0203125 0.0518018018018018
0.0 0.221875 0.2905405405405405 0.0125 0.07882882882882883
0.0 0.5421875 0.38513513513513514 0.090625 0.24774774774774774
0.0 0.484375 0.17117117117117117 0.025 0.02927927927927928
0.0 0.25 0.27927927927927926 0.0203125 0.04054054054054054
0.0 0.503125 0.36936936936936937 0.040625 0.24324324324324326
0.0 0.6234375 0.17792792792792791 0.0484375 0.12162162162162163
0.0 0.671875 0.16891891891891891 0.040625 0.13288288288288289
0.0 0.559375 0.19369369369369369 0.0390625 0.11261261261261261
0.0 0.5046875 0.16666666666666666 0.015625 0.033783783783783786
0.0 0.59375 0.4099099099099099 0.08125 0.3400900900900901
0.0 0.40625 0.19369369369369369 0.809375 0.2072072072072072
