0.0 0.205078125 0.253125 0.095703125 0.0875
0.0 0.099609375 0.3015625 0.125 0.196875
0.0 0.189453125 0.3546875 0.130859375 0.1
0.0 0.384765625 0.2703125 0.05078125 0.05
0.0 0.50390625 0.63125 0.458984375 0.559375
0.0 0.4921875 0.3125 0.107421875 0.0921875
0.0 0.943359375 0.4828125 0.111328125 0.3453125
0.0 0.41015625 0.3046875 0.140625 0.1640625
0.0 0.533203125 0.2640625 0.03125 0.1171875
0.0 0.720703125 0.403125 0.138671875 0.4515625
0.0 0.28125 0.31875 0.138671875 0.1703125
0.0 0.494140625 0.2421875 0.095703125 0.0921875
0.0 0.0390625 0.33125 0.080078125 0.165625
