0.0 0.153125 0.44028103044496486 0.2578125 0.8337236533957846
0.0 0.465625 0.5292740046838408 0.05 0.1358313817330211
0.0 0.965625 0.39344262295081966 0.0671875 0.32786885245901637
0.0 0.9390625 0.351288056206089 0.0515625 0.41451990632318503
0.0 0.621875 0.594847775175644 0.2 0.4496487119437939
0.0 0.95 0.1288056206088993 0.1 0.25995316159250587
0.0 0.753125 0.4262295081967213 0.1453125 0.47306791569086654
0.0 0.8453125 0.5105386416861827 0.184375 0.6721311475409836
0.0 0.4203125 0.5269320843091335 0.0890625 0.13817330210772832
0.0 0.534375 0.4707259953161593 0.1109375 0.2505854800936768
