0.0 0.8203125 0.205607476635514 0.0375 0.053738317757009345
0.0 0.903125 0.2383177570093458 0.028125 0.08177570093457943
0.0 0.99375 0.26635514018691586 0.0109375 0.04672897196261682
0.0 0.8234375 0.24532710280373832 0.0265625 0.04439252336448598
0.0 0.715625 0.21261682242990654 0.0328125 0.06542056074766354
0.0 0.05 0.6401869158878505 0.0890625 0.17757009345794392
0.0 0.803125 0.6214953271028038 0.1015625 0.27102803738317754
0.0 0.88125 0.24065420560747663 0.025 0.05841121495327103
0.0 0.1625 0.338785046728972 0.0453125 0.15186915887850466
0.0 0.771875 0.2546728971962617 0.034375 0.07476635514018691
0.0 0.815625 0.3107476635514019 0.03125 0.04205607476635514
0.0 0.853125 0.23598130841121495 0.0390625 0.07242990654205607
0.0 0.7859375 0.20794392523364486 0.0203125 0.06074766355140187
0.0 0.5 0.338785046728972 0.9984375 0.677570093457944
