0.0 0.9515625 0.5946547884187082 0.046875 0.17817371937639198
0.0 0.8859375 0.5857461024498887 0.01875 0.1447661469933185
0.0 0.0796875 0.5545657015590201 0.0140625 0.028953229398663696
0.0 0.984375 0.5746102449888641 0.01875 0.1091314031180401
0.0 0.096875 0.5835189309576837 0.0203125 0.08685968819599109
0.0 0.3875 0.5233853006681515 0.0328125 0.0467706013363029
0.0 0.0453125 0.5590200445434298 0.0125 0.042316258351893093
0.0 0.05625 0.579064587973274 0.0140625 0.07349665924276169
0.0 0.90625 0.6013363028953229 0.05625 0.18040089086859687
0.0 0.1546875 0.576837416481069 0.0125 0.06904231625835189
0.0 0.821875 0.6792873051224945 0.1140625 0.4365256124721604
0.0 0.1140625 0.5679287305122495 0.015625 0.0556792873051225
0.0 0.071875 0.5857461024498887 0.0171875 0.0779510022271715
0.0 0.9015625 0.6525612472160356 0.0359375 0.07349665924276169
