0.0 0.353125 0.6388888888888888 0.0828125 0.3888888888888889
0.0 0.8453125 0.55 0.0671875 0.21388888888888888
0.0 0.009375 0.6555555555555556 0.0203125 0.175
0.0 0.5703125 0.5166666666666667 0.08125 0.19444444444444445
0.0 0.284375 0.5055555555555555 0.05625 0.12222222222222222
0.0 0.4765625 0.5805555555555556 0.1109375 0.3138888888888889
0.0 0.93125 0.5 0.059375 0.21944444444444444
0.0 0.671875 0.5805555555555556 0.13125 0.34444444444444444
0.0 0.4171875 0.5444444444444444 0.0375 0.13333333333333333
0.0 0.771875 0.5444444444444444 0.075 0.25555555555555554
0.0 0.190625 0.6138888888888889 0.1109375 0.32222222222222224
0.0 0.390625 0.6055555555555555 0.0546875 0.25
0.0 0.0390625 0.6555555555555556 0.0296875 0.175
0.0 0.7125 0.6416666666666667 0.575 0.49444444444444446
