0.0 0.923202614379085 0.6764705882352942 0.03594771241830065 0.08660130718954248
0.0 0.05555555555555555 0.49019607843137253 0.04738562091503268 0.12418300653594772
0.0 0.8660130718954249 0.6895424836601307 0.0196078431372549 0.06045751633986928
0.0 0.36437908496732024 0.7189542483660131 0.0392156862745098 0.06535947712418301
0.0 0.4166666666666667 0.7058823529411765 0.021241830065359478 0.0392156862745098
0.0 0.7189542483660131 0.6911764705882353 0.03594771241830065 0.07516339869281045
0.0 0.8120915032679739 0.6911764705882353 0.03104575163398693 0.03758169934640523
0.0 0.6078431372549019 0.35294117647058826 0.35784313725490197 0.4019607843137255
0.0 0.39052287581699346 0.7173202614379085 0.03104575163398693 0.06045751633986928
0.0 0.31209150326797386 0.75 0.03431372549019608 0.06045751633986928
0.0 0.9558823529411765 0.6552287581699346 0.021241830065359478 0.04084967320261438
