0.0 0.9 0.5734072022160664 0.0109375 0.030470914127423823
0.0 0.0265625 0.6869806094182825 0.053125 0.12465373961218837
0.0 0.94375 0.5789473684210527 0.009375 0.0332409972299169
0.0 0.8375 0.5844875346260388 0.0046875 0.013850415512465374
0.0 0.6390625 0.5983379501385041 0.2 0.4598337950138504
0.0 0.875 0.5734072022160664 0.028125 0.08033240997229917
0.0 0.4046875 0.5623268698060941 0.009375 0.019390581717451522
0.0 0.9328125 0.5817174515235457 0.0125 0.0332409972299169
0.0 0.9953125 0.5872576177285319 0.00625 0.013850415512465374
0.0 0.775 0.4404432132963989 0.0984375 0.20498614958448755
