0.0 0.565625 0.16393442622950818 0.03125 0.06088992974238876
0.0 0.3765625 0.18032786885245902 0.0515625 0.09133489461358314
0.0 0.2296875 0.20374707259953162 0.06875 0.11241217798594848
0.0 0.8609375 0.09836065573770492 0.0703125 0.09836065573770492
0.0 0.3171875 0.5433255269320844 0.1578125 0.30679156908665106
0.0 0.534375 0.4847775175644028 0.1203125 0.23185011709601874
0.0 0.534375 0.5386416861826698 0.1171875 0.1920374707259953
0.0 0.428125 0.18969555035128804 0.06875 0.07494145199063232
0.0 0.475 0.16393442622950818 0.0453125 0.10304449648711944
0.0 0.5203125 0.17096018735362997 0.053125 0.06323185011709602
0.0 0.6296875 0.1522248243559719 0.053125 0.06088992974238876
0.0 0.3265625 0.1920374707259953 0.0515625 0.10070257611241218
0.0 0.1703125 0.20843091334894615 0.059375 0.1053864168618267
0.0 0.75 0.1358313817330211 0.0984375 0.06791569086651054
