0.0 0.3375 0.5095693779904307 0.2359375 0.3038277511961722
0.0 0.9 0.05741626794258373 0.0046875 0.014354066985645933
0.0 0.0046875 0.6507177033492823 0.009375 0.03349282296650718
0.0 0.95625 0.48564593301435405 0.025 0.12440191387559808
0.0 0.05 0.6244019138755981 0.009375 0.03827751196172249
0.0 0.2109375 0.22248803827751196 0.00625 0.014354066985645933
0.0 0.1703125 0.22248803827751196 0.00625 0.019138755980861243
0.0 0.040625 0.6196172248803827 0.0078125 0.03110047846889952
0.0 0.2203125 0.22248803827751196 0.0078125 0.02631578947368421
0.0 0.978125 0.44258373205741625 0.0265625 0.045454545454545456
0.0 0.009375 0.6555023923444976 0.003125 0.028708133971291867
0.0 0.9921875 0.48564593301435405 0.015625 0.12440191387559808
0.0 0.4859375 0.5191387559808612 0.021875 0.02631578947368421
0.0 0.7359375 0.284688995215311 0.515625 0.5478468899521531
