0.0 0.6036036036036037 0.396 0.08108108108108109 0.066
0.0 0.3843843843843844 0.344 0.042042042042042045 0.032
0.0 0.03903903903903904 0.296 0.07507507507507508 0.07
0.0 0.8558558558558559 0.396 0.06906906906906907 0.06
0.0 0.7207207207207207 0.352 0.07507507507507508 0.046
0.0 0.10510510510510511 0.226 0.057057057057057055 0.034
0.0 0.4894894894894895 0.61 0.2042042042042042 0.47
0.0 0.7777777777777778 0.4 0.07807807807807808 0.062
0.0 0.9159159159159159 0.948 0.16516516516516516 0.104
0.0 0.7117117117117117 0.224 0.06006006006006006 0.06
0.0 0.25225225225225223 0.498 0.10510510510510511 0.108
0.0 0.3963963963963964 0.112 0.04804804804804805 0.054
0.0 0.17417417417417416 0.41 0.07807807807807808 0.042
0.0 0.4984984984984985 0.5 1.0 1.0
