0.0 0.403125 0.6885245901639344 0.0078125 0.01405152224824356
0.0 0.634375 0.702576112412178 0.0078125 0.04918032786885246
0.0 0.7171875 0.7330210772833724 0.0171875 0.06323185011709602
0.0 0.6140625 0.37236533957845436 0.1625 0.26229508196721313
0.0 0.6703125 0.7377049180327869 0.028125 0.053864168618266976
0.0 0.7546875 0.6838407494145199 0.009375 0.03044496487119438
0.0 0.371875 0.6814988290398126 0.0109375 0.02107728337236534
0.0 0.346875 0.7845433255269321 0.040625 0.06323185011709602
0.0 0.4203125 0.6861826697892272 0.0078125 0.0234192037470726
0.0 0.2921875 0.7142857142857143 0.009375 0.04215456674473068
0.0 0.4921875 0.6978922716627635 0.009375 0.03747072599531616
0.0 0.3890625 0.6814988290398126 0.0109375 0.02107728337236534
0.0 0.3390625 0.7423887587822015 0.0234375 0.0585480093676815
