0.0 0.4671875 0.8384074941451991 0.015625 0.08899297423887588
0.0 0.778125 0.8524590163934426 0.025 0.11475409836065574
0.0 0.8890625 0.8594847775175644 0.021875 0.12177985948477751
0.0 0.7984375 0.8571428571428571 0.021875 0.10304449648711944
0.0 0.903125 0.8477751756440282 0.015625 0.04918032786885246
0.0 0.4890625 0.8407494145199064 0.003125 0.0117096018735363
0.0 0.9921875 0.8594847775175644 0.015625 0.09836065573770492
0.0 0.915625 0.8548009367681498 0.0171875 0.0936768149882904
0.0 0.2515625 0.8032786885245902 0.0046875 0.02810304449648712
0.0 0.9421875 0.8524590163934426 0.015625 0.08665105386416862
0.0 0.925 0.8501170960187353 0.0140625 0.09133489461358314
0.0 0.4828125 0.8407494145199064 0.015625 0.08899297423887588
0.0 0.8765625 0.8430913348946136 0.009375 0.09133489461358314
