0.0 0.58125 0.5176211453744494 0.05625 0.19823788546255505
0.0 0.5609375 0.6629955947136564 0.1109375 0.22466960352422907
0.0 0.45 0.5462555066079295 0.0890625 0.3436123348017621
0.0 0.13125 0.7709251101321586 0.1609375 0.2643171806167401
0.0 0.5703125 0.7158590308370044 0.0765625 0.23348017621145375
0.0 0.7453125 0.7224669603524229 0.0859375 0.2092511013215859
0.0 0.8328125 0.5837004405286343 0.06875 0.23348017621145375
0.0 0.521875 0.5572687224669604 0.075 0.28854625550660795
0.0 0.7296875 0.5682819383259912 0.090625 0.3237885462555066
0.0 0.28125 0.539647577092511 0.08125 0.30837004405286345
0.0 0.040625 0.5374449339207048 0.0578125 0.20704845814977973
0.0 0.371875 0.566079295154185 0.103125 0.32158590308370044
0.0 0.2734375 0.7687224669603524 0.1375 0.2577092511013216
