0.0 0.4234375 0.37083333333333335 0.03125 0.0375
0.0 0.0359375 0.4791666666666667 0.071875 0.4354166666666667
0.0 0.76875 0.3333333333333333 0.0515625 0.13958333333333334
0.0 0.2921875 0.3416666666666667 0.16875 0.68125
0.0 0.459375 0.34791666666666665 0.021875 0.0875
0.0 0.53125 0.5145833333333333 0.4421875 0.46875
0.0 0.9390625 0.4791666666666667 0.121875 0.29375
0.0 0.8484375 0.47291666666666665 0.1078125 0.2
0.0 0.80625 0.3645833333333333 0.021875 0.05416666666666667
0.0 0.81875 0.4083333333333333 0.0546875 0.075
