0.0 0.775 0.16458333333333333 0.03125 0.0625
0.0 0.8953125 0.9770833333333333 0.0328125 0.04583333333333333
0.0 0.8859375 0.925 0.040625 0.05625
0.0 0.4140625 0.20416666666666666 0.0234375 0.04375
0.0 0.31875 0.12708333333333333 0.028125 0.05625
0.0 0.1421875 0.5333333333333333 0.0609375 0.15208333333333332
0.0 0.3765625 0.20208333333333334 0.034375 0.04791666666666667
0.0 0.3828125 0.125 0.025 0.06458333333333334
0.0 0.74375 0.3854166666666667 0.065625 0.10833333333333334
0.0 0.725 0.13125 0.0234375 0.05416666666666667
0.0 0.4046875 0.12083333333333333 0.025 0.05416666666666667
0.0 0.0515625 0.725 0.04375 0.11458333333333333
0.0 0.3484375 0.5 0.0546875 0.17708333333333334
0.0 0.4953125 0.46458333333333335 0.9890625 0.9291666666666667
