0.0 0.309375 0.7534562211981567 0.0609375 0.28110599078341014
0.0 0.825 0.7580645161290323 0.0625 0.14055299539170507
0.0 0.6734375 0.8617511520737328 0.084375 0.22580645161290322
0.0 0.9625 0.6774193548387096 0.0328125 0.07834101382488479
0.0 0.9234375 0.7050691244239631 0.0640625 0.10829493087557604
0.0 0.4171875 0.6935483870967742 0.065625 0.21428571428571427
0.0 0.1953125 0.576036866359447 0.05625 0.1382488479262673
0.0 0.3828125 0.7649769585253456 0.0640625 0.2695852534562212
0.0 0.56875 0.8894009216589862 0.0984375 0.16820276497695852
0.0 0.85 0.6935483870967742 0.0484375 0.08064516129032258
0.0 0.6453125 0.6244239631336406 0.0375 0.07834101382488479
0.0 0.6203125 0.7465437788018433 0.071875 0.1497695852534562
0.0 0.54375 0.7764976958525346 0.103125 0.14516129032258066
0.0 0.54375 0.695852534562212 0.8234375 0.38018433179723504
