0.0 0.2656716417910448 0.504 0.12238805970149254 0.072
0.0 0.417910447761194 0.61 0.4626865671641791 0.356
0.0 0.6358208955223881 0.35 0.11940298507462686 0.108
0.0 0.8119402985074626 0.486 0.14029850746268657 0.13
0.0 0.5582089552238806 0.258 0.07462686567164178 0.114
0.0 0.11044776119402985 0.492 0.041791044776119404 0.096
0.0 0.7253731343283583 0.414 0.07164179104477612 0.08
0.0 0.49850746268656715 0.266 0.06567164179104477 0.108
0.0 0.5044776119402985 0.47 0.09253731343283582 0.052
0.0 0.7194029850746269 0.494 0.12238805970149254 0.112
0.0 0.191044776119403 0.514 0.050746268656716415 0.04
0.0 0.7402985074626866 0.43 0.08656716417910448 0.058
0.0 0.6179104477611941 0.25 0.050746268656716415 0.082
0.0 0.5014925373134328 0.378 0.9970149253731343 0.426
