0.0 0.3046875 0.41745283018867924 0.0421875 0.12971698113207547
0.0 0.3890625 0.3561320754716981 0.0375 0.06132075471698113
0.0 0.5015625 0.7004716981132075 0.2859375 0.5990566037735849
0.0 0.2921875 0.3490566037735849 0.040625 0.08490566037735849
0.0 0.775 0.5471698113207547 0.0484375 0.0589622641509434
0.0 0.28125 0.6933962264150944 0.08125 0.08018867924528301
0.0 0.6921875 0.42452830188679247 0.0546875 0.1391509433962264
0.0 0.209375 0.39622641509433965 0.046875 0.125
0.0 0.3921875 0.42924528301886794 0.0421875 0.14150943396226415
0.0 0.6546875 0.38443396226415094 0.04375 0.11084905660377359
0.0 0.334375 0.3632075471698113 0.034375 0.08018867924528301
0.0 0.6828125 0.12264150943396226 0.0328125 0.07075471698113207
0.0 0.89375 0.16273584905660377 0.0421875 0.08490566037735849
0.0 0.5046875 0.6179245283018868 0.8375 0.5495283018867925
