0.0 0.1453125 0.19248826291079812 0.0640625 0.0892018779342723
0.0 0.0234375 0.2652582159624413 0.0484375 0.17370892018779344
0.0 0.634375 0.36619718309859156 0.1375 0.5469483568075117
0.0 0.9640625 0.215962441314554 0.071875 0.09389671361502347
0.0 0.1359375 0.07511737089201878 0.025 0.06103286384976526
0.0 0.5359375 0.215962441314554 0.0515625 0.09389671361502347
0.0 0.93125 0.18544600938967137 0.040625 0.06103286384976526
0.0 0.09375 0.17136150234741784 0.0375 0.08685446009389672
0.0 0.9671875 0.15023474178403756 0.015625 0.03755868544600939
0.0 0.46875 0.21830985915492956 0.0984375 0.09389671361502347
0.0 0.7453125 0.528169014084507 0.4140625 0.9131455399061033
0.0 0.0734375 0.2136150234741784 0.05625 0.09859154929577464
0.0 0.45625 0.49295774647887325 0.175 0.43661971830985913
0.0 0.5 0.19718309859154928 0.9984375 0.38967136150234744
