0.0 0.7984375 0.43457943925233644 0.03125 0.15186915887850466
0.0 0.73125 0.48364485981308414 0.0796875 0.14953271028037382
0.0 0.59375 0.4252336448598131 0.0578125 0.2757009345794392
0.0 0.05 0.1588785046728972 0.05 0.07242990654205607
0.0 0.6546875 0.4182242990654206 0.0625 0.2733644859813084
0.0 0.2859375 0.48364485981308414 0.075 0.1705607476635514
0.0 0.0765625 0.5700934579439252 0.1546875 0.3574766355140187
0.0 0.3984375 0.4696261682242991 0.2703125 0.5163551401869159
0.0 0.9671875 0.4158878504672897 0.0640625 0.2546728971962617
0.0 0.7765625 0.4649532710280374 0.0640625 0.17990654205607476
0.0 0.865625 0.46261682242990654 0.078125 0.1822429906542056
0.0 0.46875 0.17289719626168223 0.0421875 0.0630841121495327
0.0 0.3328125 0.16822429906542055 0.0375 0.06074766355140187
0.0 0.471875 0.3130841121495327 0.9453125 0.5490654205607477
