0.0 0.4765625 0.5854166666666667 0.084375 0.2125
0.0 0.3953125 0.4895833333333333 0.065625 0.25416666666666665
0.0 0.4421875 0.44375 0.0296875 0.12708333333333333
0.0 0.2515625 0.4375 0.0265625 0.13125
0.0 0.2203125 0.44375 0.034375 0.14583333333333334
0.0 0.284375 0.44583333333333336 0.05 0.13125
0.0 0.6296875 0.6729166666666667 0.1390625 0.41875
0.0 0.7375 0.4666666666666667 0.071875 0.275
0.0 0.178125 0.4354166666666667 0.0296875 0.15833333333333333
0.0 0.5546875 0.51875 0.1109375 0.325
0.0 0.784375 0.4583333333333333 0.0421875 0.13541666666666666
0.0 0.5 0.45208333333333334 0.9984375 0.22291666666666668
