0.0 0.6515625 0.6331967213114754 0.09375 0.3729508196721312
0.0 0.571875 0.5163934426229508 0.0140625 0.02459016393442623
0.0 0.034375 0.514344262295082 0.0125 0.02459016393442623
0.0 0.05 0.5307377049180327 0.0171875 0.02459016393442623
0.0 0.5859375 0.5327868852459017 0.0140625 0.02459016393442623
0.0 0.521875 0.5245901639344263 0.015625 0.014344262295081968
0.0 0.559375 0.5594262295081968 0.0484375 0.09221311475409837
0.0 0.13125 0.6290983606557377 0.0796875 0.36475409836065575
0.0 0.8 0.6536885245901639 0.1921875 0.6475409836065574
0.0 0.0234375 0.555327868852459 0.0484375 0.09631147540983606
0.0 0.29375 0.6536885245901639 0.1921875 0.6536885245901639
