0.0 0.665625 0.4666666666666667 0.0765625 0.2833333333333333
0.0 0.0765625 0.6416666666666667 0.153125 0.6895833333333333
0.0 0.3359375 0.5583333333333333 0.10625 0.4041666666666667
0.0 0.253125 0.4125 0.0625 0.11875
0.0 0.7640625 0.3854166666666667 0.0921875 0.15833333333333333
0.0 0.234375 0.61875 0.1609375 0.4875
0.0 0.8796875 0.3333333333333333 0.0390625 0.06666666666666667
0.0 0.5234375 0.44166666666666665 0.0359375 0.2916666666666667
0.0 0.85 0.39375 0.0484375 0.16458333333333333
0.0 0.696875 0.45625 0.046875 0.275
0.0 0.4546875 0.3729166666666667 0.025 0.06041666666666667
0.0 0.5734375 0.5541666666666667 0.121875 0.53125
0.0 0.9359375 0.4 0.0578125 0.19166666666666668
0.0 0.584375 0.33958333333333335 0.434375 0.0875
