0.0 0.8796875 0.45774647887323944 0.140625 0.24882629107981222
0.0 0.3234375 0.3333333333333333 0.0234375 0.09624413145539906
0.0 0.225 0.2511737089201878 0.028125 0.06572769953051644
0.0 0.4453125 0.3145539906103286 0.0296875 0.07746478873239436
0.0 0.89375 0.4812206572769953 0.15625 0.3474178403755869
0.0 0.259375 0.3544600938967136 0.034375 0.04225352112676056
0.0 0.4171875 0.3615023474178404 0.021875 0.04929577464788732
0.0 0.284375 0.3333333333333333 0.0234375 0.09624413145539906
0.0 0.4125 0.31690140845070425 0.0296875 0.07042253521126761
0.0 0.4296875 0.3615023474178404 0.01875 0.046948356807511735
0.0 0.35625 0.323943661971831 0.01875 0.07511737089201878
0.0 0.59375 0.5492957746478874 0.196875 0.3826291079812207
0.0 0.7265625 0.5821596244131455 0.1640625 0.3873239436619718
0.0 0.5140625 0.29577464788732394 0.9625 0.19483568075117372
