0.0 0.7859375 0.6291666666666667 0.009375 0.029166666666666667
0.0 0.6421875 0.6041666666666666 0.00625 0.025
0.0 0.7734375 0.6645833333333333 0.025 0.08958333333333333
0.0 0.4375 0.81875 0.08125 0.30625
0.0 0.7140625 0.6229166666666667 0.0078125 0.014583333333333334
0.0 0.3609375 0.6583333333333333 0.025 0.08541666666666667
0.0 0.7953125 0.6416666666666667 0.0171875 0.05625
0.0 0.734375 0.65625 0.021875 0.09791666666666667
0.0 0.7109375 0.6875 0.0265625 0.12291666666666666
0.0 0.709375 0.8708333333333333 0.1734375 0.23333333333333334
0.0 0.75 0.6833333333333333 0.0359375 0.13333333333333333
0.0 0.7046875 0.64375 0.0140625 0.04791666666666667
0.0 0.771875 0.61875 0.009375 0.022916666666666665
