0.0 0.7640625 0.40705128205128205 0.1171875 0.6602564102564102
0.0 0.6 0.266025641025641 0.1140625 0.44551282051282054
0.0 0.6953125 0.3782051282051282 0.040625 0.21794871794871795
0.0 0.4671875 0.36217948717948717 0.08125 0.21474358974358973
0.0 0.10625 0.49038461538461536 0.11875 0.3814102564102564
0.0 0.521875 0.38461538461538464 0.04375 0.20512820512820512
0.0 0.8484375 0.32371794871794873 0.08125 0.36217948717948717
0.0 0.3859375 0.375 0.0546875 0.16987179487179488
0.0 0.25 0.532051282051282 0.425 0.8846153846153846
0.0 0.5421875 0.2916666666666667 0.0375 0.1346153846153846
0.0 0.91875 0.3269230769230769 0.078125 0.34935897435897434
0.0 0.965625 0.34935897435897434 0.065625 0.33974358974358976
0.0 0.0390625 0.33974358974358976 0.046875 0.1858974358974359
0.0 0.4515625 0.41346153846153844 0.9046875 0.625
