0.0 0.19058823529411764 0.4640625 0.03294117647058824 0.096875
0.0 0.30117647058823527 0.559375 0.15764705882352942 0.209375
0.0 0.25176470588235295 0.465625 0.03294117647058824 0.0375
0.0 0.7223529411764706 0.34375 0.5529411764705883 0.6875
0.0 0.4258823529411765 0.5 0.14588235294117646 0.2125
0.0 0.11058823529411765 0.5078125 0.047058823529411764 0.0453125
0.0 0.12 0.6140625 0.23529411764705882 0.2953125
0.0 0.7976470588235294 0.5328125 0.3388235294117647 0.3890625
0.0 0.5294117647058824 0.48125 0.11529411764705882 0.1625
0.0 0.6 0.478125 0.11764705882352941 0.1671875
0.0 0.2023529411764706 0.609375 0.17176470588235293 0.2625
0.0 0.668235294117647 0.4703125 0.1623529411764706 0.1984375
0.0 0.8094117647058824 0.3609375 0.18588235294117647 0.13125
0.0 0.45647058823529413 0.53125 0.9129411764705883 0.7859375
