0.0 0.6390625 0.4379391100702576 0.0640625 0.0936768149882904
0.0 0.06875 0.45901639344262296 0.0484375 0.25526932084309134
0.0 0.1734375 0.48711943793911006 0.0234375 0.04918032786885246
0.0 0.40625 0.40046838407494145 0.0640625 0.11943793911007025
0.0 0.290625 0.45901639344262296 0.0234375 0.08196721311475409
0.0 0.1390625 0.47540983606557374 0.0921875 0.22716627634660422
0.0 0.83125 0.3911007025761124 0.071875 0.12177985948477751
0.0 0.9265625 0.4637002341920375 0.0765625 0.15690866510538642
0.0 0.5234375 0.5199063231850117 0.18125 0.45901639344262296
0.0 0.434375 0.5620608899297423 0.184375 0.5339578454332553
0.0 0.3265625 0.4519906323185012 0.0234375 0.09133489461358314
