0.0 0.80625 0.53125 0.0125 0.0625
0.0 0.7484375 0.5145833333333333 0.009375 0.03333333333333333
0.0 0.6359375 0.5041666666666667 0.0078125 0.027083333333333334
0.0 0.6875 0.50625 0.00625 0.025
0.0 0.9890625 0.5354166666666667 0.0203125 0.09791666666666667
0.0 0.975 0.5375 0.0265625 0.10833333333333334
0.0 0.775 0.5145833333333333 0.0109375 0.03333333333333333
0.0 0.8703125 0.5375 0.0328125 0.13125
0.0 0.7609375 0.5145833333333333 0.0125 0.03125
0.0 0.7953125 0.5125 0.00625 0.027083333333333334
0.0 0.81875 0.5458333333333333 0.0125 0.06875
0.0 0.8359375 0.5354166666666667 0.0359375 0.11875
0.0 0.9546875 0.5083333333333333 0.0171875 0.035416666666666666
0.0 0.6640625 0.4875 0.1484375 0.12291666666666666
