0.0 0.8083832335329342 0.824 0.023952095808383235 0.042
0.0 0.5808383233532934 0.852 0.02694610778443114 0.04
0.0 0.2634730538922156 0.832 0.017964071856287425 0.016
0.0 0.4101796407185629 0.838 0.03293413173652695 0.066
0.0 0.06287425149700598 0.834 0.03293413173652695 0.068
0.0 0.2215568862275449 0.85 0.038922155688622756 0.038
0.0 0.5299401197604791 0.842 0.03592814371257485 0.054
0.0 0.4311377245508982 0.838 0.020958083832335328 0.062
0.0 0.5688622754491018 0.828 0.017964071856287425 0.04
0.0 0.2874251497005988 0.844 0.020958083832335328 0.052
0.0 0.7065868263473054 0.84 0.02694610778443114 0.046
0.0 0.344311377245509 0.842 0.03293413173652695 0.056
0.0 0.1467065868263473 0.824 0.017964071856287425 0.034
0.0 0.6856287425149701 0.838 0.038922155688622756 0.056
