0.0 0.02 0.33433734939759036 0.042 0.15060240963855423
0.0 0.354 0.4126506024096386 0.094 0.25903614457831325
0.0 0.632 0.37349397590361444 0.104 0.3674698795180723
0.0 0.952 0.5481927710843374 0.096 0.3795180722891566
0.0 0.196 0.4246987951807229 0.072 0.28313253012048195
0.0 0.862 0.3855421686746988 0.066 0.10240963855421686
0.0 0.404 0.3704819277108434 0.058 0.1746987951807229
0.0 0.294 0.4789156626506024 0.07 0.12048192771084337
0.0 0.524 0.39759036144578314 0.068 0.15060240963855423
0.0 0.26 0.3493975903614458 0.08 0.1536144578313253
0.0 0.41 0.5753012048192772 0.178 0.37650602409638556
0.0 0.11 0.34036144578313254 0.064 0.16566265060240964
0.0 0.962 0.891566265060241 0.072 0.1897590361445783
0.0 0.56 0.5 0.88 1.0
