0.0 0.4109375 0.1425233644859813 0.04375 0.14018691588785046
0.0 0.2484375 0.42289719626168226 0.14375 0.43457943925233644
0.0 0.665625 0.10981308411214953 0.0203125 0.0397196261682243
0.0 0.5546875 0.39953271028037385 0.13125 0.3177570093457944
0.0 0.6390625 0.39953271028037385 0.1546875 0.35514018691588783
0.0 0.803125 0.3364485981308411 0.109375 0.24065420560747663
0.0 0.43125 0.5864485981308412 0.178125 0.5560747663551402
0.0 0.2734375 0.0794392523364486 0.0578125 0.16121495327102803
0.0 0.3046875 0.2102803738317757 0.0640625 0.29439252336448596
0.0 0.2 0.1425233644859813 0.090625 0.2850467289719626
0.0 0.134375 0.5490654205607477 0.2296875 0.4532710280373832
0.0 0.059375 0.19158878504672897 0.065625 0.26401869158878505
0.0 0.8453125 0.6845794392523364 0.303125 0.6051401869158879
0.0 0.5 0.26635514018691586 0.9984375 0.5350467289719626
