0.0 0.2734375 0.5023474178403756 0.0125 0.04460093896713615
0.0 0.15625 0.38497652582159625 0.025 0.07981220657276995
0.0 0.4640625 0.6619718309859155 0.0140625 0.04929577464788732
0.0 0.078125 0.3591549295774648 0.03125 0.05868544600938967
0.0 0.3 0.5211267605633803 0.0109375 0.0539906103286385
0.0 0.496875 0.6854460093896714 0.0078125 0.046948356807511735
0.0 0.4828125 0.6713615023474179 0.0109375 0.05868544600938967
0.0 0.38125 0.19953051643192488 0.0875 0.09859154929577464
0.0 0.321875 0.5446009389671361 0.0171875 0.05868544600938967
0.0 0.4390625 0.6408450704225352 0.0125 0.051643192488262914
0.0 0.453125 0.6502347417840375 0.0171875 0.06338028169014084
0.0 0.1109375 0.34976525821596244 0.021875 0.08685446009389672
0.0 0.5453125 0.3615023474178404 0.05625 0.07746478873239436
0.0 0.4546875 0.3591549295774648 0.909375 0.6971830985915493
