0.0 0.9140625 0.46335697399527187 0.009375 0.026004728132387706
0.0 0.7078125 0.48226950354609927 0.009375 0.06855791962174941
0.0 0.9515625 0.4846335697399527 0.009375 0.03546099290780142
0.0 0.6703125 0.4728132387706856 0.0203125 0.04018912529550828
0.0 0.9234375 0.46808510638297873 0.0109375 0.03546099290780142
0.0 0.903125 0.47044917257683216 0.009375 0.028368794326241134
0.0 0.75625 0.5531914893617021 0.0453125 0.08983451536643026
0.0 0.946875 0.48936170212765956 0.021875 0.061465721040189124
0.0 0.90625 0.4988179669030733 0.0265625 0.05200945626477541
0.0 0.771875 0.508274231678487 0.0296875 0.0851063829787234
