0.0 0.2140625 0.5117370892018779 0.0734375 0.30985915492957744
0.0 0.3 0.5422535211267606 0.0609375 0.21830985915492956
0.0 0.3734375 0.47417840375586856 0.03125 0.07042253521126761
0.0 0.634375 0.5117370892018779 0.0515625 0.3051643192488263
0.0 0.59375 0.5 0.0546875 0.3215962441314554
0.0 0.040625 0.5070422535211268 0.05 0.31690140845070425
0.0 0.4109375 0.4694835680751174 0.0265625 0.09154929577464789
0.0 0.725 0.5093896713615024 0.071875 0.30985915492957744
0.0 0.3203125 0.31690140845070425 0.3109375 0.5751173708920188
0.0 0.815625 0.5117370892018779 0.109375 0.431924882629108
