0.0 0.708 0.296 0.02 0.06933333333333333
0.0 0.852 0.2773333333333333 0.056 0.10933333333333334
0.0 0.822 0.5093333333333333 0.258 0.21066666666666667
0.0 0.968 0.30933333333333335 0.064 0.17066666666666666
0.0 0.95 0.43733333333333335 0.1 0.15466666666666667
0.0 0.822 0.4106666666666667 0.062 0.16266666666666665
0.0 0.948 0.35733333333333334 0.076 0.09866666666666667
0.0 0.746 0.2906666666666667 0.028 0.064
0.0 0.872 0.8506666666666667 0.254 0.2906666666666667
0.0 0.918 0.296 0.062 0.072
0.0 0.816 0.30133333333333334 0.032 0.032
0.0 0.914 0.24266666666666667 0.034 0.04
0.0 0.88 0.6026666666666667 0.24 0.19466666666666665
0.0 0.812 0.5946666666666667 0.374 0.8026666666666666
