0.0 0.968 0.4594594594594595 0.064 0.09309309309309309
0.0 0.452 0.3663663663663664 0.016 0.07207207207207207
0.0 0.498 0.37237237237237236 0.024 0.0990990990990991
0.0 0.716 0.6426426426426426 0.124 0.5525525525525525
0.0 0.46 0.36036036036036034 0.01 0.06606606606606606
0.0 0.52 0.3483483483483483 0.014 0.05105105105105105
0.0 0.474 0.37537537537537535 0.02 0.10510510510510511
0.0 0.26 0.43243243243243246 0.064 0.27627627627627627
0.0 0.48 0.3663663663663664 0.01 0.04504504504504504
0.0 0.938 0.3963963963963964 0.042 0.2222222222222222
0.0 0.128 0.47147147147147145 0.088 0.35435435435435436
0.0 0.426 0.37537537537537535 0.034 0.12312312312312312
