0.0 0.2078125 0.5068181818181818 0.0375 0.15454545454545454
0.0 0.071875 0.525 0.025 0.13863636363636364
0.0 0.0203125 0.5068181818181818 0.01875 0.12954545454545455
0.0 0.2515625 0.475 0.0171875 0.05
0.0 0.0296875 0.55 0.0359375 0.09318181818181819
0.0 0.51875 0.4681818181818182 0.0578125 0.12272727272727273
0.0 0.1453125 0.5227272727272727 0.05 0.15
0.0 0.4265625 0.47045454545454546 0.0296875 0.05227272727272727
0.0 0.115625 0.5295454545454545 0.021875 0.12272727272727273
0.0 0.1484375 0.5227272727272727 0.0328125 0.12272727272727273
0.0 0.3421875 0.5568181818181818 0.0734375 0.25681818181818183
0.0 0.840625 0.42045454545454547 0.028125 0.0659090909090909
0.0 0.1921875 0.5113636363636364 0.0203125 0.1340909090909091
0.0 0.5015625 0.5227272727272727 0.9640625 0.2909090909090909
