0.0 0.33958333333333335 0.5361111111111111 0.07291666666666667 0.18055555555555555
0.0 0.88125 0.8083333333333333 0.2375 0.38055555555555554
0.0 0.6833333333333333 0.5 0.08125 0.07222222222222222
0.0 0.275 0.625 0.2 0.35
0.0 0.5854166666666667 0.5222222222222223 0.06458333333333334 0.18611111111111112
0.0 0.29583333333333334 0.7805555555555556 0.29791666666666666 0.43333333333333335
0.0 0.29583333333333334 0.4777777777777778 0.11458333333333333 0.15833333333333333
0.0 0.7729166666666667 0.7055555555555556 0.16666666666666666 0.24722222222222223
0.0 0.44375 0.4777777777777778 0.1125 0.14722222222222223
0.0 0.6479166666666667 0.5666666666666667 0.10833333333333334 0.18611111111111112
0.0 0.6854166666666667 0.825 0.32708333333333334 0.35
