0.0 0.76875 0.6541176470588236 0.121875 0.40941176470588236
0.0 0.971875 0.6447058823529411 0.03125 0.15529411764705883
0.0 0.91875 0.6305882352941177 0.0375 0.16470588235294117
0.0 0.1375 0.6047058823529412 0.096875 0.2847058823529412
0.0 0.2296875 0.5882352941176471 0.0203125 0.08470588235294117
0.0 0.8078125 0.6282352941176471 0.0375 0.16470588235294117
0.0 0.859375 0.6235294117647059 0.040625 0.17176470588235293
0.0 0.6515625 0.6047058823529412 0.028125 0.10588235294117647
0.0 0.675 0.6211764705882353 0.0375 0.10823529411764705
0.0 0.0421875 0.6211764705882353 0.0390625 0.13647058823529412
0.0 0.4125 0.668235294117647 0.4921875 0.6635294117647059
0.0 0.35625 0.6258823529411764 0.090625 0.5129411764705882
0.0 0.6484375 0.691764705882353 0.0515625 0.12470588235294118
0.0 0.4828125 0.6423529411764706 0.965625 0.24
