0.0 0.6421875 0.5875 0.0140625 0.04583333333333333
0.0 0.21875 0.59375 0.0203125 0.07916666666666666
0.0 0.50625 0.6145833333333334 0.034375 0.11458333333333333
0.0 0.446875 0.5875 0.0171875 0.04583333333333333
0.0 0.1109375 0.65 0.084375 0.28125
0.0 0.5296875 0.5916666666666667 0.0171875 0.07708333333333334
0.0 0.7796875 0.5916666666666667 0.021875 0.08125
0.0 0.6828125 0.6020833333333333 0.040625 0.09583333333333334
0.0 0.365625 0.5916666666666667 0.01875 0.09583333333333334
0.0 0.328125 0.60625 0.0109375 0.041666666666666664
0.0 0.35 0.6020833333333333 0.0203125 0.075
0.0 0.7171875 0.6083333333333333 0.0359375 0.125
0.0 0.515625 0.5979166666666667 0.01875 0.11041666666666666
0.0 0.503125 0.6083333333333333 0.9921875 0.14791666666666667
