0.0 0.7078125 0.43559718969555034 0.053125 0.1288056206088993
0.0 0.2890625 0.4449648711943794 0.09375 0.13114754098360656
0.0 0.021875 0.4964871194379391 0.0421875 0.13348946135831383
0.0 0.69375 0.48009367681498827 0.078125 0.1053864168618267
0.0 0.1765625 0.4449648711943794 0.05625 0.16627634660421545
0.0 0.2109375 0.5550351288056206 0.09375 0.35362997658079626
0.0 0.7515625 0.4379391100702576 0.0671875 0.1405152224824356
0.0 0.61875 0.5035128805620609 0.109375 0.2857142857142857
0.0 0.41875 0.6463700234192038 0.36875 0.6627634660421545
0.0 0.1578125 0.6627634660421545 0.3109375 0.6463700234192038
0.0 0.8 0.702576112412178 0.3984375 0.594847775175644
