0.0 0.5546875 0.5479166666666667 0.0375 0.05416666666666667
0.0 0.8640625 0.68125 0.134375 0.10208333333333333
0.0 0.475 0.5270833333333333 0.0171875 0.07083333333333333
0.0 0.671875 0.5479166666666667 0.028125 0.041666666666666664
0.0 0.6 0.55 0.05625 0.07291666666666667
0.0 0.3359375 0.5104166666666666 0.015625 0.029166666666666667
0.0 0.5421875 0.5166666666666667 0.03125 0.09166666666666666
0.0 0.575 0.5104166666666666 0.0234375 0.09791666666666667
0.0 0.2078125 0.7666666666666667 0.11875 0.16875
0.0 0.359375 0.4979166666666667 0.021875 0.03958333333333333
0.0 0.3734375 0.51875 0.0125 0.016666666666666666
0.0 0.9921875 0.575 0.0140625 0.0375
0.0 0.8484375 0.5375 0.00625 0.0125
0.0 0.5171875 0.6604166666666667 0.9234375 0.3770833333333333
