0.0 0.074 0.384 0.026 0.06933333333333333
0.0 0.76 0.4613333333333333 0.028 0.08533333333333333
0.0 0.126 0.38666666666666666 0.034 0.08
0.0 0.628 0.4266666666666667 0.076 0.21333333333333335
0.0 0.692 0.4533333333333333 0.03 0.10933333333333334
0.0 0.876 0.4186666666666667 0.064 0.2773333333333333
0.0 0.442 0.42133333333333334 0.026 0.07466666666666667
0.0 0.732 0.456 0.022 0.08266666666666667
0.0 0.48 0.432 0.02 0.08533333333333333
0.0 0.496 0.43733333333333335 0.02 0.072
0.0 0.79 0.424 0.01 0.034666666666666665
0.0 0.02 0.37066666666666664 0.02 0.096
0.0 0.66 0.43733333333333335 0.408 0.09066666666666667
