0.0 0.8328125 0.49414519906323184 0.334375 0.9882903981264637
0.0 0.2546875 0.49414519906323184 0.178125 0.8266978922716628
0.0 0.4453125 0.45433255269320844 0.2375 0.8266978922716628
0.0 0.6 0.5620608899297423 0.2578125 0.6768149882903981
0.0 0.7234375 0.31381733021077285 0.1140625 0.3091334894613583
0.0 0.1734375 0.5526932084309133 0.15 0.2224824355971897
0.0 0.10625 0.5245901639344263 0.2109375 0.9063231850117096
0.0 0.340625 0.4519906323185012 0.0578125 0.24355971896955503
0.0 0.371875 0.47306791569086654 0.0484375 0.3629976580796253
0.0 0.1796875 0.3770491803278688 0.05625 0.13817330210772832
0.0 0.425 0.11241217798594848 0.109375 0.2154566744730679
0.0 0.653125 0.3091334894613583 0.04375 0.14754098360655737
