0.0 0.306 0.7717717717717718 0.09 0.15915915915915915
0.0 0.668 0.6726726726726727 0.024 0.07207207207207207
0.0 0.98 0.6156156156156156 0.012 0.03903903903903904
0.0 0.31 0.5765765765765766 0.174 0.22522522522522523
0.0 0.988 0.6426426426426426 0.018 0.02702702702702703
0.0 0.868 0.7447447447447447 0.056 0.13813813813813813
0.0 0.526 0.7867867867867868 0.108 0.34234234234234234
0.0 0.616 0.7657657657657657 0.096 0.3483483483483483
0.0 0.632 0.6396396396396397 0.024 0.09009009009009009
0.0 0.674 0.6006006006006006 0.014 0.06606606606606606
0.0 0.944 0.5795795795795796 0.02 0.05105105105105105
