0.0 0.1328125 0.8584905660377359 0.0421875 0.22327044025157233
0.0 0.1515625 0.8207547169811321 0.0296875 0.1792452830188679
0.0 0.1734375 0.8270440251572327 0.021875 0.1761006289308176
0.0 0.2859375 0.5283018867924528 0.0109375 0.0440251572327044
0.0 0.0078125 0.7264150943396226 0.015625 0.11635220125786164
0.0 0.0484375 0.720125786163522 0.0171875 0.11320754716981132
0.0 0.0453125 0.8679245283018868 0.0296875 0.18553459119496854
0.0 0.075 0.8710691823899371 0.034375 0.20754716981132076
0.0 0.0328125 0.7232704402515723 0.0171875 0.10377358490566038
0.0 0.1640625 0.5251572327044025 0.0078125 0.018867924528301886
0.0 0.0984375 0.8490566037735849 0.0234375 0.17295597484276728
