0.0 0.2234375 0.6515837104072398 0.065625 0.32805429864253394
0.0 0.6296875 0.5678733031674208 0.009375 0.01583710407239819
0.0 0.696875 0.755656108597285 0.025 0.04072398190045249
0.0 0.28125 0.6402714932126696 0.065625 0.29411764705882354
0.0 0.35 0.6990950226244343 0.10625 0.3167420814479638
0.0 0.1140625 0.6221719457013575 0.053125 0.26018099547511314
0.0 0.496875 0.5927601809954751 0.0125 0.02262443438914027
0.0 0.93125 0.6832579185520362 0.0234375 0.049773755656108594
0.0 0.15625 0.6289592760180995 0.0828125 0.3438914027149321
0.0 0.7515625 0.6719457013574661 0.0140625 0.049773755656108594
0.0 0.6859375 0.6742081447963801 0.0171875 0.058823529411764705
0.0 0.64375 0.832579185520362 0.025 0.05656108597285068
0.0 0.8375 0.7262443438914027 0.025 0.05203619909502263
0.0 0.5 0.4592760180995475 0.9984375 0.8031674208144797
