0.0 0.33125 0.49583333333333335 0.0109375 0.020833333333333332
0.0 0.8015625 0.8708333333333333 0.0265625 0.13125
0.0 0.40625 0.525 0.0140625 0.03333333333333333
0.0 0.428125 0.5229166666666667 0.025 0.04375
0.0 0.715625 0.8791666666666667 0.0328125 0.12291666666666666
0.0 0.378125 0.5208333333333334 0.00625 0.01875
0.0 0.6015625 0.7083333333333334 0.0328125 0.10625
0.0 0.5890625 0.6229166666666667 0.0296875 0.11041666666666666
0.0 0.3859375 0.525 0.0125 0.025
0.0 0.096875 0.6979166666666666 0.015625 0.058333333333333334
0.0 0.1984375 0.7583333333333333 0.01875 0.0375
0.0 0.3421875 0.5020833333333333 0.0078125 0.020833333333333332
