0.0 0.4453125 0.4045643153526971 0.0140625 0.016597510373443983
0.0 0.925 0.3962655601659751 0.0078125 0.02074688796680498
0.0 0.3953125 0.4045643153526971 0.0046875 0.014522821576763486
0.0 0.9734375 0.4066390041493776 0.0125 0.04149377593360996
0.0 0.3609375 0.41286307053941906 0.01875 0.03319502074688797
0.0 0.4078125 0.4087136929460581 0.00625 0.02074688796680498
0.0 0.7703125 0.4024896265560166 0.0078125 0.03319502074688797
0.0 0.80625 0.4045643153526971 0.0078125 0.026970954356846474
0.0 0.9453125 0.4066390041493776 0.0109375 0.03112033195020747
0.0 0.91875 0.3879668049792531 0.009375 0.01867219917012448
0.0 0.784375 0.3962655601659751 0.0109375 0.03112033195020747
0.0 0.3359375 0.4211618257261411 0.0234375 0.08506224066390042
0.0 0.8625 0.45643153526970953 0.0703125 0.16390041493775934
0.0 0.88125 0.4004149377593361 0.2359375 0.07883817427385892
