0.0 0.853125 0.6200417536534447 0.04375 0.08350730688935282
0.0 0.753125 0.592901878914405 0.0203125 0.07306889352818371
0.0 0.2515625 0.6450939457202505 0.05 0.17118997912317327
0.0 0.946875 0.6388308977035491 0.034375 0.11899791231732777
0.0 0.715625 0.5803757828810021 0.0140625 0.05845511482254697
0.0 0.7015625 0.5782881002087683 0.00625 0.031315240083507306
0.0 0.178125 0.6534446764091858 0.0234375 0.07306889352818371
0.0 0.2046875 0.6555323590814196 0.0375 0.1544885177453027
0.0 0.2953125 0.6346555323590815 0.0140625 0.06263048016701461
0.0 0.8984375 0.615866388308977 0.0375 0.09394572025052192
