0.0 0.3046875 0.32916666666666666 0.0609375 0.15625
0.0 0.1375 0.28958333333333336 0.05625 0.13333333333333333
0.0 0.334375 0.24375 0.021875 0.0625
0.0 0.2765625 0.2604166666666667 0.0328125 0.08333333333333333
0.0 0.396875 0.5041666666666667 0.33125 0.44375
0.0 0.3953125 0.31666666666666665 0.028125 0.10208333333333333
0.0 0.0765625 0.27291666666666664 0.0703125 0.10833333333333334
0.0 0.5640625 0.4895833333333333 0.2140625 0.6270833333333333
0.0 0.1265625 0.3458333333333333 0.0453125 0.15625
0.0 0.3203125 0.25833333333333336 0.034375 0.08541666666666667
0.0 0.4109375 0.3104166666666667 0.0359375 0.08958333333333333
0.0 0.1859375 0.33958333333333335 0.0515625 0.15833333333333333
0.0 0.25625 0.3375 0.05 0.1625
0.0 0.21875 0.3229166666666667 0.353125 0.23958333333333334
