0.0 0.48 0.546 0.013333333333333334 0.036
0.0 0.56 0.57 0.013333333333333334 0.052
0.0 0.8213333333333334 0.614 0.021333333333333333 0.068
0.0 0.9013333333333333 0.624 0.037333333333333336 0.064
0.0 0.736 0.594 0.016 0.062
0.0 0.8026666666666666 0.614 0.018666666666666668 0.07
0.0 0.8613333333333333 0.62 0.02666666666666667 0.066
0.0 0.936 0.796 0.12533333333333332 0.406
0.0 0.7893333333333333 0.608 0.018666666666666668 0.07
0.0 0.04533333333333334 0.614 0.09066666666666667 0.324
0.0 0.44533333333333336 0.538 0.018666666666666668 0.046
0.0 0.5493333333333333 0.56 0.018666666666666668 0.046
0.0 0.5813333333333334 0.572 0.018666666666666668 0.054
0.0 0.3893333333333333 0.542 0.4693333333333333 0.142
