0.0 0.628125 0.4395833333333333 0.0109375 0.041666666666666664
0.0 0.6421875 0.49166666666666664 0.0171875 0.058333333333333334
0.0 0.7796875 0.45 0.0078125 0.025
0.0 0.6515625 0.4708333333333333 0.0171875 0.03125
0.0 0.79375 0.44583333333333336 0.00625 0.027083333333333334
0.0 0.83125 0.4354166666666667 0.0109375 0.03333333333333333
0.0 0.578125 0.5041666666666667 0.0265625 0.075
0.0 0.803125 0.4375 0.0109375 0.022916666666666665
0.0 0.428125 0.5229166666666667 0.0109375 0.04375
0.0 0.475 0.45416666666666666 0.08125 0.24791666666666667
0.0 0.5375 0.49166666666666664 0.009375 0.027083333333333334
