0.0 0.970856102003643 0.8796875 0.04189435336976321 0.0546875
0.0 0.47358834244080145 0.9125 0.04553734061930783 0.0578125
0.0 0.8888888888888888 0.9359375 0.03278688524590164 0.05
0.0 0.21493624772313297 0.8390625 0.009107468123861567 0.0171875
0.0 0.09107468123861566 0.853125 0.018214936247723135 0.0421875
0.0 0.3296903460837887 0.8421875 0.025500910746812388 0.0578125
0.0 0.5318761384335154 0.8640625 0.01639344262295082 0.0203125
0.0 0.3114754098360656 0.834375 0.012750455373406194 0.0265625
0.0 0.39344262295081966 0.8515625 0.030965391621129327 0.053125
0.0 0.122040072859745 0.85 0.018214936247723135 0.040625
0.0 0.23861566484517305 0.8390625 0.014571948998178506 0.0203125
0.0 0.10564663023679417 0.8515625 0.014571948998178506 0.040625
0.0 0.273224043715847 0.8390625 0.018214936247723135 0.01875
0.0 0.3697632058287796 0.8453125 0.6958105646630237 0.053125
