0.0 0.13598326359832635 0.6484375 0.26569037656903766 0.1890625
0.0 0.2824267782426778 0.3921875 0.0502092050209205 0.0546875
0.0 0.7907949790794979 0.4359375 0.23221757322175732 0.371875
0.0 0.9079497907949791 0.4078125 0.18200836820083682 0.3375
0.0 0.08786610878661087 0.44375 0.17573221757322174 0.26875
0.0 0.7322175732217573 0.3546875 0.09414225941422594 0.1421875
0.0 0.5397489539748954 0.4109375 0.12133891213389121 0.146875
0.0 0.1589958158995816 0.428125 0.060669456066945605 0.146875
0.0 0.6485355648535565 0.440625 0.2196652719665272 0.2046875
0.0 0.9267782426778243 0.6171875 0.14644351464435146 0.1
0.0 0.2510460251046025 0.396875 0.09205020920502092 0.0765625
0.0 0.19246861924686193 0.41875 0.056485355648535567 0.140625
0.0 0.6359832635983264 0.3359375 0.04811715481171548 0.0359375
0.0 0.4372384937238494 0.3828125 0.8723849372384938 0.2390625
