0.0 0.8604166666666667 0.521875 0.0375 0.04375
0.0 0.81875 0.5359375 0.10416666666666667 0.1234375
0.0 0.14583333333333334 0.525 0.058333333333333334 0.0859375
0.0 0.7854166666666667 0.4984375 0.04791666666666667 0.053125
0.0 0.5333333333333333 0.5453125 0.07708333333333334 0.1046875
0.0 0.058333333333333334 0.53125 0.11666666666666667 0.1359375
0.0 0.5791666666666667 0.50625 0.022916666666666665 0.034375
0.0 0.6354166666666666 0.5546875 0.06041666666666667 0.0828125
0.0 0.075 0.4640625 0.0125 0.0078125
0.0 0.32708333333333334 0.60625 0.32708333333333334 0.6625
0.0 0.9375 0.5109375 0.0375 0.065625
0.0 0.47291666666666665 0.5140625 0.04583333333333333 0.0578125
0.0 0.7354166666666667 0.5296875 0.09166666666666666 0.134375
0.0 0.5 0.578125 0.9979166666666667 0.3140625
