0.0 0.953125 0.16041666666666668 0.0921875 0.31875
0.0 0.6984375 0.24583333333333332 0.05 0.26458333333333334
0.0 0.6796875 0.14375 0.040625 0.09791666666666667
0.0 0.384375 0.30416666666666664 0.0546875 0.20208333333333334
0.0 0.3359375 0.7145833333333333 0.61875 0.56875
0.0 0.81875 0.32916666666666666 0.115625 0.5020833333333333
0.0 0.90625 0.5083333333333333 0.1875 0.7104166666666667
0.0 0.509375 0.7083333333333334 0.3234375 0.58125
0.0 0.7234375 0.39166666666666666 0.05625 0.18125
0.0 0.6734375 0.31875 0.10625 0.45625
