0.0 0.7 0.5174953959484346 0.0390625 0.17863720073664824
0.0 0.625 0.5193370165745856 0.04375 0.17863720073664824
0.0 0.528125 0.42357274401473294 0.03125 0.05156537753222836
0.0 0.2125 0.43646408839779005 0.0234375 0.08839779005524862
0.0 0.4375 0.6666666666666666 0.109375 0.47697974217311234
0.0 0.4828125 0.4180478821362799 0.0359375 0.04604051565377532
0.0 0.528125 0.6464088397790055 0.1234375 0.44751381215469616
0.0 0.221875 0.3738489871086556 0.0234375 0.03130755064456722
0.0 0.5578125 0.43830570902394106 0.0328125 0.06629834254143646
0.0 0.2515625 0.429097605893186 0.0296875 0.09760589318600368
0.0 0.2 0.3738489871086556 0.021875 0.03314917127071823
