0.0 0.9140625 0.47540983606557374 0.0078125 0.01873536299765808
0.0 0.45625 0.550351288056206 0.3265625 0.6885245901639344
0.0 0.8171875 0.4566744730679157 0.0109375 0.03981264637002342
0.0 0.878125 0.4918032786885246 0.034375 0.10304449648711944
0.0 0.8390625 0.4707259953161593 0.0234375 0.02810304449648712
0.0 0.9515625 0.4918032786885246 0.05 0.10304449648711944
0.0 0.9046875 0.47306791569086654 0.0125 0.0234192037470726
0.0 0.8046875 0.45901639344262296 0.0171875 0.04449648711943794
0.0 0.984375 0.49882903981264637 0.0296875 0.08899297423887588
0.0 0.7171875 0.4496487119437939 0.0296875 0.06088992974238876
0.0 0.934375 0.4707259953161593 0.0234375 0.04215456674473068
0.0 0.7140625 0.48711943793911006 0.071875 0.20843091334894615
