0.0 0.318 0.6119402985074627 0.016 0.07164179104477612
0.0 0.018 0.6537313432835821 0.036 0.18507462686567164
0.0 0.618 0.6746268656716418 0.022 0.056716417910447764
0.0 0.38 0.6208955223880597 0.024 0.06865671641791045
0.0 0.496 0.6567164179104478 0.02 0.07761194029850746
0.0 0.712 0.7253731343283583 0.038 0.2208955223880597
0.0 0.518 0.6567164179104478 0.026 0.08656716417910448
0.0 0.664 0.6895522388059702 0.022 0.11044776119402985
0.0 0.744 0.6716417910447762 0.028 0.05970149253731343
0.0 0.776 0.8 0.104 0.373134328358209
0.0 0.678 0.6985074626865672 0.022 0.0626865671641791
0.0 0.596 0.6597014925373135 0.016 0.06865671641791045
0.0 0.57 0.6567164179104478 0.018 0.06567164179104477
0.0 0.412 0.6537313432835821 0.574 0.1701492537313433
