0.0 0.6359375 0.8145833333333333 0.115625 0.3458333333333333
0.0 0.6328125 0.5395833333333333 0.0265625 0.06666666666666667
0.0 0.353125 0.60625 0.0875 0.3104166666666667
0.0 0.19375 0.6104166666666667 0.084375 0.3645833333333333
0.0 0.4984375 0.6 0.0671875 0.22291666666666668
0.0 0.103125 0.6229166666666667 0.109375 0.4083333333333333
0.0 0.7921875 0.5875 0.0328125 0.125
0.0 0.85 0.5729166666666666 0.0296875 0.11875
0.0 0.65 0.51875 0.0140625 0.04375
0.0 0.5546875 0.5895833333333333 0.0421875 0.20625
0.0 0.59375 0.5291666666666667 0.0375 0.08541666666666667
0.0 0.4515625 0.5291666666666667 0.05625 0.09583333333333334
0.0 0.2734375 0.6270833333333333 0.0578125 0.2708333333333333
0.0 0.684375 0.6104166666666667 0.63125 0.3333333333333333
