0.0 0.488 0.7220447284345048 0.014 0.06070287539936102
0.0 0.482 0.6773162939297125 0.01 0.06070287539936102
0.0 0.158 0.6996805111821086 0.026 0.07028753993610223
0.0 0.272 0.670926517571885 0.024 0.019169329073482427
0.0 0.26 0.7252396166134185 0.018 0.08626198083067092
0.0 0.916 0.6677316293929713 0.012 0.054313099041533544
0.0 0.358 0.6773162939297125 0.018 0.051118210862619806
0.0 0.344 0.6677316293929713 0.018 0.07028753993610223
0.0 0.698 0.6741214057507987 0.014 0.03514376996805112
0.0 0.788 0.7028753993610224 0.014 0.0670926517571885
0.0 0.384 0.670926517571885 0.018 0.06070287539936102
0.0 0.438 0.6677316293929713 0.016 0.04153354632587859
0.0 0.58 0.6645367412140575 0.012 0.04153354632587859
0.0 0.242 0.7124600638977636 0.018 0.06070287539936102
