0.0 0.2581699346405229 0.5604575163398693 0.10294117647058823 0.27941176470588236
0.0 0.29901960784313725 0.4117647058823529 0.04084967320261438 0.05065359477124183
0.0 0.5473856209150327 0.39869281045751637 0.042483660130718956 0.0457516339869281
0.0 0.5294117647058824 0.46405228758169936 0.05065359477124183 0.12254901960784313
0.0 0.25980392156862747 0.6993464052287581 0.31862745098039214 0.46078431372549017
0.0 0.47549019607843135 0.43790849673202614 0.0718954248366013 0.08823529411764706
0.0 0.7418300653594772 0.4803921568627451 0.10294117647058823 0.1715686274509804
0.0 0.3888888888888889 0.4542483660130719 0.0784313725490196 0.08660130718954248
0.0 0.3006535947712418 0.5163398692810458 0.09967320261437909 0.20261437908496732
0.0 0.6928104575163399 0.696078431372549 0.2630718954248366 0.4918300653594771
0.0 0.19934640522875818 0.4477124183006536 0.05228758169934641 0.058823529411764705
0.0 0.6029411764705882 0.5343137254901961 0.1650326797385621 0.24509803921568626
0.0 0.42320261437908496 0.44281045751633985 0.06209150326797386 0.06862745098039216
