0.0 0.303125 0.4665271966527197 0.028125 0.1192468619246862
0.0 0.390625 0.5585774058577406 0.1171875 0.32426778242677823
0.0 0.325 0.5376569037656904 0.0765625 0.3138075313807531
0.0 0.2078125 0.47280334728033474 0.03125 0.1192468619246862
0.0 0.440625 0.5062761506276151 0.053125 0.17364016736401675
0.0 0.1484375 0.5794979079497908 0.0984375 0.41841004184100417
0.0 0.0734375 0.5523012552301255 0.0859375 0.3723849372384937
0.0 0.8046875 0.4309623430962343 0.03125 0.03765690376569038
0.0 0.409375 0.4351464435146444 0.01875 0.0397489539748954
0.0 0.4796875 0.4874476987447699 0.04375 0.15481171548117154
