0.0 0.878125 0.6395833333333333 0.0328125 0.09375
0.0 0.8609375 0.6895833333333333 0.034375 0.06875
0.0 0.2890625 0.6229166666666667 0.046875 0.09375
0.0 0.771875 0.1875 0.01875 0.052083333333333336
0.0 0.109375 0.44583333333333336 0.03125 0.06041666666666667
0.0 0.8 0.6541666666666667 0.025 0.052083333333333336
0.0 0.184375 0.2708333333333333 0.0296875 0.058333333333333334
0.0 0.9359375 0.4354166666666667 0.0359375 0.07708333333333334
0.0 0.71875 0.625 0.025 0.041666666666666664
0.0 0.8296875 0.6458333333333334 0.0328125 0.08541666666666667
0.0 0.74375 0.6208333333333333 0.025 0.07083333333333333
0.0 0.4546875 0.47291666666666665 0.0328125 0.04791666666666667
0.0 0.7765625 0.4083333333333333 0.028125 0.075
0.0 0.5078125 0.4083333333333333 0.9390625 0.7208333333333333
