0.0 0.5765625 0.6938202247191011 0.1859375 0.33707865168539325
0.0 0.84375 0.7359550561797753 0.1796875 0.4691011235955056
0.0 0.215625 0.28651685393258425 0.065625 0.22191011235955055
0.0 0.1828125 0.19382022471910113 0.10625 0.300561797752809
0.0 0.2828125 0.7162921348314607 0.153125 0.5449438202247191
0.0 0.471875 0.8286516853932584 0.159375 0.31741573033707865
0.0 0.1484375 0.6123595505617978 0.1203125 0.36797752808988765
0.0 0.3640625 0.31741573033707865 0.225 0.22752808988764045
0.0 0.7890625 0.8764044943820225 0.178125 0.24719101123595505
0.0 0.0640625 0.6544943820224719 0.1265625 0.5196629213483146
0.0 0.95625 0.6713483146067416 0.084375 0.6348314606741573
0.0 0.421875 0.16573033707865167 0.11875 0.199438202247191
0.0 0.09375 0.48314606741573035 0.1171875 0.2696629213483146
0.0 0.4515625 0.5 0.9015625 1.0
