0.0 0.0430327868852459 0.2984375 0.0860655737704918 0.1140625
0.0 0.012295081967213115 0.26875 0.02663934426229508 0.0578125
0.0 0.5102459016393442 0.5 0.6311475409836066 0.9140625
0.0 0.7254098360655737 0.2921875 0.07581967213114754 0.1171875
0.0 0.6700819672131147 0.2765625 0.06352459016393443 0.078125
0.0 0.08811475409836066 0.23125 0.045081967213114756 0.034375
0.0 0.6045081967213115 0.275 0.04918032786885246 0.0890625
0.0 0.11885245901639344 0.23125 0.02663934426229508 0.03125
0.0 0.5881147540983607 0.190625 0.06352459016393443 0.084375
0.0 0.07581967213114754 0.2828125 0.05327868852459016 0.0828125
0.0 0.13524590163934427 0.3125 0.10860655737704918 0.1484375
0.0 0.6372950819672131 0.19375 0.045081967213114756 0.1078125
0.0 0.9713114754098361 0.3703125 0.05327868852459016 0.128125
