0.0 0.3984375 0.6666666666666666 0.1140625 0.4976190476190476
0.0 0.64375 0.6904761904761905 0.0828125 0.45
0.0 0.1765625 0.7214285714285714 0.2109375 0.5452380952380952
0.0 0.8140625 0.6714285714285714 0.1984375 0.36666666666666664
0.0 0.571875 0.6833333333333333 0.0984375 0.5
0.0 0.2296875 0.6523809523809524 0.0515625 0.1738095238095238
0.0 0.4859375 0.669047619047619 0.078125 0.49523809523809526
0.0 0.715625 0.6714285714285714 0.15 0.4452380952380952
0.0 0.2890625 0.7047619047619048 0.2046875 0.4880952380952381
0.0 0.93125 0.5928571428571429 0.134375 0.6547619047619048
