0.0 0.2890625 0.12059369202226346 0.0703125 0.23376623376623376
0.0 0.08125 0.15584415584415584 0.0796875 0.22077922077922077
0.0 0.878125 0.14285714285714285 0.065625 0.19666048237476808
0.0 0.134375 0.14285714285714285 0.0703125 0.22448979591836735
0.0 0.7765625 0.0686456400742115 0.0609375 0.07606679035250463
0.0 0.5421875 0.10204081632653061 0.0421875 0.11131725417439703
0.0 0.25 0.11131725417439703 0.034375 0.03896103896103896
0.0 0.709375 0.09090909090909091 0.0703125 0.12987012987012986
0.0 0.3953125 0.18738404452690166 0.075 0.3562152133580705
0.0 0.8421875 0.12244897959183673 0.0296875 0.21150278293135436
0.0 0.5671875 0.31910946196660483 0.2921875 0.4972170686456401
0.0 0.81875 0.12430426716141002 0.0375 0.19480519480519481
