0.0 0.0390625 0.7604166666666666 0.0234375 0.15364583333333334
0.0 0.684375 0.5260416666666666 0.0265625 0.08333333333333333
0.0 0.8578125 0.5677083333333334 0.0125 0.036458333333333336
0.0 0.9625 0.8151041666666666 0.034375 0.2265625
0.0 0.6015625 0.3489583333333333 0.01875 0.07552083333333333
0.0 0.540625 0.5651041666666666 0.00625 0.0078125
0.0 0.3296875 0.6380208333333334 0.0234375 0.11979166666666667
0.0 0.14375 0.7526041666666666 0.0375 0.1875
0.0 0.209375 0.6536458333333334 0.025 0.15104166666666666
0.0 0.0578125 0.7265625 0.0171875 0.11197916666666667
0.0 0.83125 0.3619791666666667 0.0203125 0.057291666666666664
0.0 0.0484375 0.6901041666666666 0.0359375 0.13020833333333334
0.0 0.58125 0.3567708333333333 0.009375 0.046875
0.0 0.2625 0.625 0.015625 0.11458333333333333
