0.0 0.940625 0.7939110070257611 0.028125 0.1686182669789227
0.0 0.840625 0.7868852459016393 0.0296875 0.1451990632318501
0.0 0.2390625 0.7775175644028103 0.034375 0.1358313817330211
0.0 0.453125 0.7400468384074942 0.0046875 0.01405152224824356
0.0 0.8890625 0.775175644028103 0.03125 0.15690866510538642
0.0 0.9640625 0.775175644028103 0.0390625 0.15690866510538642
0.0 0.671875 0.7798594847775175 0.034375 0.16627634660421545
0.0 0.9375 0.7236533957845434 0.025 0.07962529274004684
0.0 0.7 0.7822014051522248 0.0375 0.13817330210772832
0.0 0.0859375 0.6721311475409836 0.0453125 0.1592505854800937
