0.0 0.7078125 0.6279461279461279 0.0484375 0.14646464646464646
0.0 0.971875 0.7491582491582491 0.05625 0.4208754208754209
0.0 0.3640625 0.7575757575757576 0.2078125 0.4831649831649832
0.0 0.890625 0.7087542087542088 0.0859375 0.30808080808080807
0.0 0.6359375 0.6077441077441077 0.0609375 0.1531986531986532
0.0 0.6 0.7104377104377104 0.1 0.3602693602693603
0.0 0.940625 0.6481481481481481 0.059375 0.21548821548821548
0.0 0.840625 0.6464646464646465 0.06875 0.234006734006734
0.0 0.5 0.7205387205387206 0.1078125 0.3400673400673401
0.0 0.7703125 0.7037037037037037 0.1046875 0.3400673400673401
0.0 0.4359375 0.6043771043771043 0.0265625 0.058922558922558925
0.0 0.740625 0.5774410774410774 0.03125 0.04713804713804714
0.0 0.4625 0.6111111111111112 0.0375 0.09259259259259259
0.0 0.4359375 0.6212121212121212 0.5234375 0.15993265993265993
