0.0 0.204 0.8112582781456954 0.128 0.3675496688741722
0.0 0.474 0.7847682119205298 0.13 0.3344370860927152
0.0 0.172 0.2847682119205298 0.106 0.3509933774834437
0.0 0.684 0.5463576158940397 0.076 0.23841059602649006
0.0 0.352 0.8079470198675497 0.144 0.3543046357615894
0.0 0.904 0.6788079470198676 0.086 0.47019867549668876
0.0 0.61 0.5695364238410596 0.084 0.3609271523178808
0.0 0.246 0.38741721854304634 0.094 0.24503311258278146
0.0 0.588 0.7947019867549668 0.144 0.3079470198675497
0.0 0.73 0.6291390728476821 0.132 0.3841059602649007
0.0 0.718 0.7847682119205298 0.126 0.31456953642384106
0.0 0.836 0.804635761589404 0.126 0.32450331125827814
0.0 0.828 0.5728476821192053 0.082 0.2980132450331126
0.0 0.5 0.4966887417218543 1.0 0.8741721854304636
