0.0 0.89 0.44266666666666665 0.004 0.010666666666666666
0.0 0.746 0.672 0.072 0.11466666666666667
0.0 0.768 0.6666666666666666 0.08 0.14133333333333334
0.0 0.95 0.4533333333333333 0.01 0.018666666666666668
0.0 0.772 0.48533333333333334 0.02 0.072
0.0 0.612 0.49866666666666665 0.028 0.064
0.0 0.928 0.44533333333333336 0.01 0.018666666666666668
0.0 0.422 0.456 0.016 0.037333333333333336
0.0 0.896 0.44266666666666665 0.008 0.016
0.0 0.95 0.512 0.022 0.07733333333333334
0.0 0.198 0.544 0.078 0.06933333333333333
0.0 0.19 0.48533333333333334 0.026 0.042666666666666665
0.0 0.62 0.6373333333333333 0.084 0.176
0.0 0.948 0.432 0.104 0.06133333333333333
