0.0 0.9453125 0.09133489461358314 0.05625 0.18266978922716628
0.0 0.6828125 0.2810304449648712 0.090625 0.21311475409836064
0.0 0.4640625 0.2388758782201405 0.0828125 0.234192037470726
0.0 0.0140625 0.3161592505854801 0.0296875 0.15690866510538642
0.0 0.065625 0.639344262295082 0.0984375 0.42857142857142855
0.0 0.653125 0.0234192037470726 0.0703125 0.04918032786885246
0.0 0.59375 0.04449648711943794 0.04375 0.08899297423887588
0.0 0.2984375 0.117096018735363 0.0828125 0.22950819672131148
0.0 0.1765625 0.02810304449648712 0.053125 0.05620608899297424
0.0 0.1046875 0.27400468384074944 0.0875 0.2388758782201405
0.0 0.875 0.0936768149882904 0.0734375 0.1873536299765808
0.0 0.225 0.10304449648711944 0.0640625 0.19437939110070257
0.0 0.5078125 0.5081967213114754 0.4921875 0.7377049180327869
