0.0 0.346875 0.7283372365339579 0.2984375 0.4028103044496487
0.0 0.85625 0.468384074941452 0.034375 0.14285714285714285
0.0 0.009375 0.5292740046838408 0.01875 0.12177985948477751
0.0 0.9578125 0.4613583138173302 0.0703125 0.25995316159250587
0.0 0.2 0.4918032786885246 0.0703125 0.26697892271662765
0.0 0.3546875 0.5152224824355972 0.0203125 0.1053864168618267
0.0 0.3984375 0.4894613583138173 0.0609375 0.2459016393442623
0.0 0.815625 0.4262295081967213 0.065625 0.17096018735362997
0.0 0.9109375 0.5175644028103045 0.0125 0.03044496487119438
0.0 0.7828125 0.5128805620608899 0.2953125 0.6697892271662763
0.0 0.0609375 0.5175644028103045 0.0578125 0.21311475409836064
0.0 0.146875 0.522248243559719 0.0578125 0.23185011709601874
0.0 0.2328125 0.47540983606557374 0.0921875 0.1288056206088993
0.0 0.4609375 0.5386416861826698 0.91875 0.08196721311475409
