0.0 0.6328125 0.6104166666666667 0.009375 0.020833333333333332
0.0 0.0546875 0.6979166666666666 0.0203125 0.09375
0.0 0.5734375 0.7770833333333333 0.0265625 0.08125
0.0 0.5 0.61875 0.0109375 0.03125
0.0 0.575 0.6291666666666667 0.0171875 0.020833333333333332
0.0 0.1375 0.8458333333333333 0.10625 0.30625
0.0 0.6515625 0.6875 0.0140625 0.03125
0.0 0.7171875 0.8145833333333333 0.0625 0.22708333333333333
0.0 0.134375 0.63125 0.01875 0.05416666666666667
0.0 0.60625 0.6229166666666667 0.00625 0.01875
0.0 0.65 0.61875 0.0125 0.0375
0.0 0.66875 0.7875 0.021875 0.09375
0.0 0.41875 0.6729166666666667 0.740625 0.3375
