0.0 0.0109375 0.45951859956236324 0.0140625 0.04814004376367615
0.0 0.91875 0.45951859956236324 0.021875 0.05689277899343545
0.0 0.8953125 0.45951859956236324 0.0109375 0.030634573304157548
0.0 0.1734375 0.6608315098468271 0.153125 0.6761487964989059
0.0 0.4375 0.42669584245076586 0.0109375 0.030634573304157548
0.0 0.81875 0.4682713347921225 0.03125 0.12035010940919037
0.0 0.50625 0.5361050328227571 0.0734375 0.29321663019693656
0.0 0.078125 0.44638949671772427 0.0390625 0.06345733041575492
0.0 0.365625 0.43982494529540483 0.0203125 0.06345733041575492
0.0 0.646875 0.4442013129102845 0.0171875 0.05689277899343545
