0.0 0.321875 0.7833333333333333 0.14375 0.41041666666666665
0.0 0.090625 0.78125 0.121875 0.4354166666666667
0.0 0.4828125 0.8 0.109375 0.3729166666666667
0.0 0.7078125 0.6270833333333333 0.0359375 0.04791666666666667
0.0 0.4796875 0.6083333333333333 0.0140625 0.014583333333333334
0.0 0.965625 0.6854166666666667 0.0515625 0.1625
0.0 0.546875 0.6708333333333333 0.0453125 0.15416666666666667
0.0 0.0828125 0.6104166666666667 0.0171875 0.06458333333333334
0.0 0.43125 0.6666666666666666 0.0375 0.13541666666666666
0.0 0.05 0.6270833333333333 0.0125 0.04791666666666667
0.0 0.8578125 0.74375 0.1046875 0.35
