0.0 0.5242494226327945 0.35 0.04157043879907621 0.0859375
0.0 0.8475750577367206 0.3671875 0.08083140877598152 0.14375
0.0 0.016166281755196306 0.375 0.03464203233256351 0.140625
0.0 0.3163972286374134 0.3359375 0.016166281755196306 0.04375
0.0 0.3302540415704388 0.3359375 0.020785219399538105 0.0484375
0.0 0.6789838337182448 0.3765625 0.04387990762124711 0.15
0.0 0.49191685912240185 0.346875 0.03695150115473441 0.08125
0.0 0.3972286374133949 0.34375 0.04157043879907621 0.05625
0.0 0.7551963048498845 0.3765625 0.057736720554272515 0.146875
0.0 0.04849884526558892 0.3671875 0.057736720554272515 0.13125
