0.0 0.7171875 0.530373831775701 0.05 0.26401869158878505
0.0 0.215625 0.7593457943925234 0.309375 0.4602803738317757
0.0 0.946875 0.4719626168224299 0.0953125 0.26869158878504673
0.0 0.4078125 0.5841121495327103 0.1140625 0.42990654205607476
0.0 0.54375 0.5257009345794392 0.0546875 0.25934579439252337
0.0 0.6234375 0.4929906542056075 0.0765625 0.37616822429906543
0.0 0.046875 0.5023364485981309 0.0875 0.20794392523364486
0.0 0.3796875 0.7219626168224299 0.171875 0.5186915887850467
0.0 0.4875 0.5210280373831776 0.0890625 0.40420560747663553
0.0 0.5703125 0.4672897196261682 0.040625 0.23130841121495327
0.0 0.10625 0.6051401869158879 0.1046875 0.2827102803738318
0.0 0.66875 0.602803738317757 0.0421875 0.1939252336448598
0.0 0.8375 0.514018691588785 0.040625 0.1425233644859813
0.0 0.4953125 0.49065420560747663 0.9890625 0.36682242990654207
