0.0 0.565625 0.3247058823529412 0.1265625 0.2
0.0 0.0921875 0.4258823529411765 0.090625 0.3411764705882353
0.0 0.85625 0.4258823529411765 0.10625 0.3764705882352941
0.0 0.375 0.3176470588235294 0.0734375 0.16941176470588235
0.0 0.375 0.17411764705882352 0.0453125 0.05176470588235294
0.0 0.625 0.3764705882352941 0.096875 0.2023529411764706
0.0 0.2234375 0.5976470588235294 0.2484375 0.6635294117647059
0.0 0.9375 0.46588235294117647 0.1234375 0.4
0.0 0.6828125 0.24 0.0796875 0.15294117647058825
0.0 0.26875 0.42823529411764705 0.09375 0.29411764705882354
0.0 0.6453125 0.56 0.2046875 0.548235294117647
0.0 0.3359375 0.3411764705882353 0.05625 0.16941176470588235
0.0 0.4765625 0.2823529411764706 0.0890625 0.13176470588235295
