0.0 0.275 0.07226107226107226 0.0734375 0.13053613053613053
0.0 0.1203125 0.06993006993006994 0.0859375 0.14219114219114218
0.0 0.196875 0.07692307692307693 0.0734375 0.13986013986013987
0.0 0.4265625 0.0979020979020979 0.059375 0.09557109557109557
0.0 0.44375 0.08857808857808858 0.0390625 0.11655011655011654
0.0 0.3484375 0.10722610722610723 0.0625 0.08158508158508158
0.0 0.1921875 0.11888111888111888 0.0640625 0.06293706293706294
0.0 0.1109375 0.3776223776223776 0.1578125 0.31002331002331
0.0 0.275 0.10955710955710955 0.059375 0.07692307692307693
0.0 0.5015625 0.10722610722610723 0.0734375 0.08158508158508158
0.0 0.50625 0.07226107226107226 0.0890625 0.14685314685314685
0.0 0.1140625 0.11188811188811189 0.0703125 0.08391608391608392
0.0 0.5203125 0.40093240093240096 0.2265625 0.5058275058275058
0.0 0.5 0.289044289044289 0.9984375 0.578088578088578
