0.0 0.05625 0.5700934579439252 0.0359375 0.09345794392523364
0.0 0.1078125 0.4742990654205608 0.040625 0.13317757009345793
0.0 0.5609375 0.5794392523364486 0.0375 0.0911214953271028
0.0 0.8859375 0.572429906542056 0.046875 0.08177570093457943
0.0 0.025 0.5630841121495327 0.0375 0.09813084112149532
0.0 0.09375 0.5911214953271028 0.0515625 0.1378504672897196
0.0 0.4609375 0.5630841121495327 0.0296875 0.13317757009345793
0.0 0.0140625 0.7102803738317757 0.028125 0.32242990654205606
0.0 0.94375 0.5794392523364486 0.021875 0.12149532710280374
0.0 0.7046875 0.5934579439252337 0.015625 0.056074766355140186
0.0 0.746875 0.5817757009345794 0.0109375 0.009345794392523364
0.0 0.85625 0.5607476635514018 0.021875 0.03271028037383177
0.0 0.590625 0.5934579439252337 0.0359375 0.1261682242990654
