0.0 0.45 0.716931216931217 0.0234375 0.047619047619047616
0.0 0.3203125 0.6798941798941799 0.0203125 0.03439153439153439
0.0 0.390625 0.4523809523809524 0.0078125 0.005291005291005291
0.0 0.2421875 0.6111111111111112 0.03125 0.03439153439153439
0.0 0.18125 0.5555555555555556 0.0140625 0.013227513227513227
0.0 0.84375 0.42063492063492064 0.0078125 0.021164021164021163
0.0 0.2078125 0.4947089947089947 0.0265625 0.015873015873015872
0.0 0.19375 0.47354497354497355 0.009375 0.010582010582010581
0.0 0.4421875 0.8809523809523809 0.075 0.042328042328042326
0.0 0.4484375 0.49206349206349204 0.003125 0.010582010582010581
0.0 0.865625 0.4312169312169312 0.0015625 0.018518518518518517
0.0 0.2328125 0.5793650793650794 0.0078125 0.026455026455026454
0.0 0.596875 0.43915343915343913 0.75625 0.13227513227513227
