0.0 0.12412177985948478 0.5609375 0.0702576112412178 0.1203125
0.0 0.06088992974238876 0.5484375 0.06557377049180328 0.0875
0.0 0.4215456674473068 0.559375 0.0585480093676815 0.1296875
0.0 0.5409836065573771 0.70625 0.2388758782201405 0.4234375
0.0 0.18266978922716628 0.53125 0.06791569086651054 0.0609375
0.0 0.3793911007025761 0.5671875 0.08196721311475409 0.1390625
0.0 0.46604215456674475 0.521875 0.04449648711943794 0.053125
0.0 0.6206088992974239 0.646875 0.10304449648711944 0.275
0.0 0.25526932084309134 0.6875 0.22482435597189696 0.4296875
0.0 0.3231850117096019 0.521875 0.02576112412177986 0.03125
0.0 0.7587822014051522 0.69375 0.18032786885245902 0.4
