0.0 0.6892523364485982 0.2296875 0.04439252336448598 0.0421875
0.0 0.4392523364485981 0.184375 0.06074766355140187 0.0421875
0.0 0.3808411214953271 0.0640625 0.0514018691588785 0.0359375
0.0 0.34579439252336447 0.2015625 0.06542056074766354 0.05
0.0 0.7453271028037384 0.3609375 0.05841121495327103 0.0640625
0.0 0.08878504672897196 0.071875 0.09579439252336448 0.075
0.0 0.6565420560747663 0.6265625 0.13317757009345793 0.1078125
0.0 0.7827102803738317 0.4046875 0.07710280373831775 0.0734375
0.0 0.20327102803738317 0.2203125 0.07242990654205607 0.0671875
0.0 0.5887850467289719 0.18125 0.06775700934579439 0.05
0.0 0.49065420560747663 0.6078125 0.4439252336448598 0.64375
0.0 0.24766355140186916 0.2078125 0.07242990654205607 0.08125
0.0 0.17523364485981308 0.128125 0.04906542056074766 0.0546875
0.0 0.5 0.353125 1.0 0.70625
