0.0 0.559375 0.22950819672131148 0.06875 0.1053864168618267
0.0 0.3078125 0.18501170960187355 0.075 0.15690866510538642
0.0 0.9671875 0.1522248243559719 0.0640625 0.11943793911007025
0.0 0.665625 0.7400468384074942 0.153125 0.4964871194379391
0.0 0.69375 0.20374707259953162 0.065625 0.1405152224824356
0.0 0.509375 0.22716627634660422 0.0578125 0.11241217798594848
0.0 0.4921875 0.6744730679156908 0.1671875 0.5925058548009368
0.0 0.128125 0.2154566744730679 0.0734375 0.08899297423887588
0.0 0.9421875 0.5292740046838408 0.08125 0.20140515222482436
0.0 0.43125 0.18969555035128804 0.115625 0.15456674473067916
0.0 0.8546875 0.6955503512880562 0.1125 0.6065573770491803
0.0 0.878125 0.13348946135831383 0.0984375 0.14285714285714285
0.0 0.2390625 0.2154566744730679 0.065625 0.10304449648711944
0.0 0.5 0.3161592505854801 0.9984375 0.6276346604215457
