0.0 0.2640625 0.5 0.5296875 1.0
0.0 0.459375 0.419811320754717 0.028125 0.04481132075471698
0.0 0.4109375 0.4363207547169811 0.0296875 0.054245283018867926
0.0 0.653125 0.44575471698113206 0.1140625 0.1650943396226415
0.0 0.7609375 0.5495283018867925 0.4765625 0.8891509433962265
0.0 0.58125 0.45754716981132076 0.0265625 0.0330188679245283
0.0 0.5640625 0.45047169811320753 0.034375 0.06839622641509434
0.0 0.6140625 0.4481132075471698 0.0546875 0.10377358490566038
0.0 0.1015625 0.21226415094339623 0.1015625 0.04716981132075472
0.0 0.553125 0.455188679245283 0.021875 0.03537735849056604
0.0 0.484375 0.4410377358490566 0.115625 0.1580188679245283
0.0 0.7140625 0.47877358490566035 0.0390625 0.1179245283018868
0.0 0.3890625 0.4268867924528302 0.040625 0.07783018867924528
