0.0 0.6836027713625866 0.60625 0.050808314087759814 0.03125
0.0 0.7551963048498845 0.6140625 0.016166281755196306 0.0109375
0.0 0.8545034642032333 0.6046875 0.03464203233256351 0.015625
0.0 0.39260969976905313 0.728125 0.3279445727482679 0.4375
0.0 0.9122401847575058 0.6078125 0.03002309468822171 0.0203125
0.0 0.5935334872979214 0.7625 0.11547344110854503 0.1734375
0.0 0.8267898383371824 0.734375 0.07621247113163972 0.1796875
0.0 0.976905311778291 0.5984375 0.03464203233256351 0.0359375
0.0 0.5958429561200924 0.6125 0.03233256351039261 0.0140625
0.0 0.42725173210161665 0.60625 0.03002309468822171 0.0265625
0.0 0.6443418013856813 0.609375 0.03695150115473441 0.021875
0.0 0.9468822170900693 0.6046875 0.03002309468822171 0.021875
0.0 0.18013856812933027 0.6078125 0.03926096997690531 0.0234375
0.0 0.7713625866050808 0.334375 0.18244803695150116 0.5734375
