0.0 0.1484375 0.3273942093541203 0.015625 0.0556792873051225
0.0 0.134375 0.3273942093541203 0.0140625 0.05790645879732739
0.0 0.8171875 0.20044543429844097 0.0109375 0.0378619153674833
0.0 0.665625 0.34075723830734966 0.0390625 0.09799554565701558
0.0 0.940625 0.12694877505567928 0.009375 0.0200445434298441
0.0 0.83125 0.7171492204899778 0.3359375 0.5657015590200446
0.0 0.7875 0.28507795100222716 0.0109375 0.022271714922048998
0.0 0.825 0.2828507795100223 0.0171875 0.026726057906458798
0.0 0.7375 0.3429844097995546 0.0265625 0.0957683741648107
0.0 0.76875 0.28507795100222716 0.015625 0.0200445434298441
0.0 0.2515625 0.3363028953229399 0.1078125 0.2806236080178174
0.0 0.1234375 0.32293986636971045 0.015625 0.0645879732739421
0.0 0.9515625 0.34075723830734966 0.025 0.12249443207126949
0.0 0.54375 0.19599109131403117 0.9125 0.34521158129175944
