0.0 0.125 0.19158878504672897 0.053125 0.08878504672897196
0.0 0.9234375 0.1425233644859813 0.0859375 0.15186915887850466
0.0 0.5734375 0.2897196261682243 0.165625 0.308411214953271
0.0 0.0859375 0.2967289719626168 0.125 0.37149532710280375
0.0 0.3015625 0.24532710280373832 0.090625 0.25
0.0 0.946875 0.3411214953271028 0.10625 0.3107476635514019
0.0 0.2453125 0.6612149532710281 0.490625 0.6752336448598131
0.0 0.6828125 0.6214953271028038 0.43125 0.7570093457943925
0.0 0.1703125 0.19158878504672897 0.053125 0.0911214953271028
0.0 0.1875 0.2897196261682243 0.1734375 0.25934579439252337
0.0 0.8765625 0.4953271028037383 0.1546875 0.5677570093457944
0.0 0.390625 0.27102803738317754 0.153125 0.2780373831775701
0.0 0.6953125 0.3574766355140187 0.15 0.3855140186915888
0.0 0.5 0.21962616822429906 1.0 0.352803738317757
