0.0 0.85 0.7807807807807807 0.184 0.43243243243243246
0.0 0.172 0.3963963963963964 0.114 0.2882882882882883
0.0 0.256 0.2732732732732733 0.056 0.26126126126126126
0.0 0.118 0.21621621621621623 0.054 0.07207207207207207
0.0 0.7 0.37537537537537535 0.058 0.3153153153153153
0.0 0.6 0.5465465465465466 0.168 0.4264264264264264
0.0 0.158 0.7867867867867868 0.3 0.42342342342342343
0.0 0.15 0.4804804804804805 0.076 0.11711711711711711
0.0 0.534 0.7687687687687688 0.264 0.43843843843843844
0.0 0.958 0.08108108108108109 0.054 0.1021021021021021
0.0 0.052 0.5825825825825826 0.072 0.5315315315315315
0.0 0.46 0.6276276276276276 0.112 0.3993993993993994
0.0 0.308 0.7447447447447447 0.178 0.48348348348348347
0.0 0.504 0.5015015015015015 0.992 0.996996996996997
