0.0 0.384375 0.155893536121673 0.1125 0.2965779467680608
0.0 0.2921875 0.5133079847908745 0.2421875 0.8973384030418251
0.0 0.51875 0.17870722433460076 0.24375 0.35361216730038025
0.0 0.4453125 0.5019011406844106 0.2625 0.8821292775665399
0.0 0.8921875 0.18631178707224336 0.2140625 0.3650190114068441
0.0 0.725 0.2889733840304182 0.171875 0.5779467680608364
0.0 0.65 0.5057034220532319 0.2171875 0.9619771863117871
0.0 0.86875 0.5285171102661597 0.2546875 0.9163498098859315
0.0 0.1203125 0.5019011406844106 0.2296875 0.9619771863117871
0.0 0.2125 0.155893536121673 0.1484375 0.3155893536121673
