0.0 0.346875 0.6666666666666666 0.025 0.03286384976525822
0.0 0.3609375 0.5985915492957746 0.009375 0.023474178403755867
0.0 0.3015625 0.6173708920187794 0.009375 0.03051643192488263
0.0 0.3234375 0.6572769953051644 0.0140625 0.03990610328638498
0.0 0.9296875 0.6408450704225352 0.009375 0.018779342723004695
0.0 0.3078125 0.6525821596244131 0.0140625 0.03051643192488263
0.0 0.4125 0.7394366197183099 0.0546875 0.18779342723004694
0.0 0.475 0.7652582159624414 0.109375 0.28169014084507044
0.0 0.94375 0.6314553990610329 0.0125 0.01643192488262911
0.0 0.965625 0.7699530516431925 0.0296875 0.056338028169014086
0.0 0.3203125 0.6737089201877934 0.0171875 0.03286384976525822
0.0 0.915625 0.6384976525821596 0.0171875 0.03286384976525822
0.0 0.321875 0.6009389671361502 0.009375 0.025821596244131457
