0.0 0.6390625 0.8870588235294118 0.1 0.2235294117647059
0.0 0.0125 0.8588235294117647 0.0234375 0.07294117647058823
0.0 0.778125 0.8658823529411764 0.1171875 0.26588235294117646
0.0 0.234375 0.8 0.0046875 0.023529411764705882
0.0 0.6625 0.7364705882352941 0.0171875 0.02823529411764706
0.0 0.2359375 0.8682352941176471 0.015625 0.07294117647058823
0.0 0.2890625 0.8447058823529412 0.0125 0.058823529411764705
0.0 0.28125 0.8470588235294118 0.0125 0.05647058823529412
0.0 0.975 0.8329411764705882 0.05 0.2635294117647059
0.0 0.184375 0.8447058823529412 0.0078125 0.03529411764705882
0.0 0.7078125 0.84 0.0375 0.15529411764705883
0.0 0.3140625 0.8588235294117647 0.0234375 0.08
0.0 0.1578125 0.8635294117647059 0.0265625 0.06352941176470588
0.0 0.4234375 0.8470588235294118 0.7796875 0.26588235294117646
