0.0 0.3 0.6729166666666667 0.0125 0.0375
0.0 0.3359375 0.6729166666666667 0.0125 0.03958333333333333
0.0 0.2671875 0.675 0.015625 0.029166666666666667
0.0 0.175 0.6875 0.0265625 0.05416666666666667
0.0 0.0671875 0.6729166666666667 0.0328125 0.06458333333333334
0.0 0.13125 0.6520833333333333 0.0109375 0.041666666666666664
0.0 0.6609375 0.81875 0.0734375 0.28541666666666665
0.0 0.1125 0.65 0.0078125 0.035416666666666666
0.0 0.4609375 0.6833333333333333 0.0125 0.05
0.0 0.253125 0.75 0.084375 0.17291666666666666
0.0 0.9421875 0.8395833333333333 0.1078125 0.31875
0.0 0.315625 0.6770833333333334 0.0203125 0.04791666666666667
0.0 0.0984375 0.6541666666666667 0.009375 0.041666666666666664
0.0 0.49375 0.6375 0.9875 0.225
