0.0 0.8578125 0.6166666666666667 0.284375 0.7333333333333333
0.0 0.159375 0.6104166666666667 0.3203125 0.7770833333333333
0.0 0.7140625 0.575 0.0375 0.058333333333333334
0.0 0.2234375 0.5895833333333333 0.01875 0.05416666666666667
0.0 0.0203125 0.56875 0.0125 0.022916666666666665
0.0 0.7375 0.5770833333333333 0.0203125 0.029166666666666667
0.0 0.2984375 0.58125 0.0890625 0.10833333333333334
0.0 0.75625 0.56875 0.0265625 0.025
0.0 0.228125 0.6520833333333333 0.109375 0.11666666666666667
0.0 0.5 0.5979166666666667 0.45 0.8020833333333334
