0.0 0.1640625 0.38263665594855306 0.1578125 0.5176848874598071
0.0 0.8328125 0.15112540192926044 0.009375 0.01929260450160772
0.0 0.2828125 0.3070739549839228 0.16875 0.4678456591639871
0.0 0.378125 0.16720257234726688 0.0203125 0.05627009646302251
0.0 0.45 0.32315112540192925 0.1421875 0.4405144694533762
0.0 0.7734375 0.13665594855305466 0.021875 0.028938906752411574
0.0 0.890625 0.1495176848874598 0.0109375 0.02090032154340836
0.0 0.5703125 0.657556270096463 0.2203125 0.20739549839228297
0.0 0.9546875 0.18971061093247588 0.0203125 0.03858520900321544
0.0 0.2078125 0.12218649517684887 0.0578125 0.03858520900321544
0.0 0.91875 0.18488745980707397 0.0171875 0.04983922829581994
0.0 0.40625 0.1752411575562701 0.025 0.03536977491961415
