0.0 0.3747072599531616 0.065625 0.17096018735362997 0.13125
0.0 0.1053864168618267 0.1546875 0.17096018735362997 0.1609375
0.0 0.05152224824355972 0.34375 0.10304449648711944 0.0734375
0.0 0.25526932084309134 0.16875 0.12646370023419204 0.2015625
0.0 0.3442622950819672 0.5546875 0.5245901639344263 0.821875
0.0 0.6557377049180327 0.3328125 0.117096018735363 0.071875
0.0 0.6252927400468384 0.065625 0.1592505854800937 0.125
0.0 0.7868852459016393 0.328125 0.14988290398126464 0.078125
0.0 0.7985948477751756 0.2796875 0.18501170960187355 0.1640625
0.0 0.6463700234192038 0.2703125 0.16159250585480095 0.1765625
0.0 0.0585480093676815 0.2703125 0.11241217798594848 0.140625
0.0 0.7681498829039812 0.1375 0.10772833723653395 0.109375
0.0 0.5433255269320844 0.0765625 0.1686182669789227 0.1453125
0.0 0.5128805620608899 0.153125 0.9578454332552693 0.3078125
