0.0 0.8921568627450981 0.46078431372549017 0.021241830065359478 0.06372549019607843
0.0 0.12254901960784313 0.4722222222222222 0.12091503267973856 0.34477124183006536
0.0 0.6568627450980392 0.7516339869281046 0.4035947712418301 0.3300653594771242
0.0 0.27450980392156865 0.7434640522875817 0.4738562091503268 0.23202614379084968
0.0 0.9035947712418301 0.42320261437908496 0.008169934640522876 0.0196078431372549
0.0 0.8872549019607843 0.42810457516339867 0.0196078431372549 0.014705882352941176
0.0 0.9411764705882353 0.44281045751633985 0.02287581699346405 0.0196078431372549
0.0 0.9264705882352942 0.5506535947712419 0.06372549019607843 0.10784313725490197
0.0 0.8529411764705882 0.43790849673202614 0.011437908496732025 0.021241830065359478
0.0 0.2238562091503268 0.5669934640522876 0.05228758169934641 0.10947712418300654
