0.0 0.9375 0.44028103044496486 0.04375 0.06088992974238876
0.0 0.65625 0.4449648711943794 0.0171875 0.03044496487119438
0.0 0.4140625 0.4918032786885246 0.0234375 0.1288056206088993
0.0 0.3390625 0.4894613583138173 0.040625 0.1405152224824356
0.0 0.35625 0.4964871194379391 0.0234375 0.09601873536299765
0.0 0.3515625 0.4519906323185012 0.0140625 0.05620608899297424
0.0 0.3875 0.48711943793911006 0.03125 0.10772833723653395
0.0 0.6875 0.4309133489461358 0.015625 0.02810304449648712
0.0 0.759375 0.4379391100702576 0.015625 0.02107728337236534
0.0 0.4453125 0.4894613583138173 0.0421875 0.13114754098360656
0.0 0.4390625 0.5105386416861827 0.028125 0.08196721311475409
0.0 0.51875 0.594847775175644 0.1125 0.46604215456674475
