0.0 0.3 0.6068965517241379 0.103125 0.34942528735632183
0.0 0.896875 0.4574712643678161 0.1234375 0.3724137931034483
0.0 0.540625 0.8137931034482758 0.1515625 0.3264367816091954
0.0 0.390625 0.8275862068965517 0.1546875 0.32873563218390806
0.0 0.340625 0.4 0.103125 0.24367816091954023
0.0 0.6375 0.8160919540229885 0.1515625 0.3586206896551724
0.0 0.8625 0.8183908045977012 0.1765625 0.3448275862068966
0.0 0.2453125 0.832183908045977 0.1765625 0.3080459770114943
0.0 0.121875 0.7701149425287356 0.1484375 0.41379310344827586
0.0 0.534375 0.4068965517241379 0.1015625 0.25287356321839083
0.0 0.7046875 0.5839080459770115 0.0859375 0.32413793103448274
0.0 0.61875 0.542528735632184 0.1015625 0.28045977011494255
0.0 0.4671875 0.6137931034482759 0.1140625 0.3954022988505747
0.0 0.5265625 0.5195402298850574 0.934375 0.9540229885057471
