0.0 0.225 0.704225352112676 0.0390625 0.15492957746478872
0.0 0.1125 0.744131455399061 0.0890625 0.20187793427230047
0.0 0.2546875 0.7065727699530516 0.034375 0.1431924882629108
0.0 0.9875 0.704225352112676 0.0234375 0.12206572769953052
0.0 0.290625 0.7347417840375586 0.0328125 0.18779342723004694
0.0 0.453125 0.6971830985915493 0.0203125 0.11971830985915492
0.0 0.1359375 0.647887323943662 0.0125 0.025821596244131457
0.0 0.36875 0.7394366197183099 0.0359375 0.20187793427230047
0.0 0.3265625 0.755868544600939 0.0703125 0.3004694835680751
0.0 0.178125 0.7206572769953051 0.053125 0.22535211267605634
0.0 0.9625 0.7112676056338029 0.025 0.11267605633802817
0.0 0.146875 0.6807511737089202 0.0171875 0.12910798122065728
0.0 0.940625 0.704225352112676 0.01875 0.11502347417840375
0.0 0.4078125 0.6924882629107981 0.459375 0.16901408450704225
