0.0 0.6 0.15833333333333333 0.0375 0.05
0.0 0.928125 0.3458333333333333 0.03125 0.17083333333333334
0.0 0.51875 0.8208333333333333 0.2125 0.2375
0.0 0.221875 0.17083333333333334 0.03125 0.03333333333333333
0.0 0.56875 0.14583333333333334 0.025 0.075
0.0 0.471875 0.15416666666666667 0.025 0.058333333333333334
0.0 0.5 0.4791666666666667 0.109375 0.375
0.0 0.3625 0.16666666666666666 0.03125 0.025
0.0 0.884375 0.38333333333333336 0.071875 0.15833333333333333
0.0 0.328125 0.14583333333333334 0.028125 0.0625
0.0 0.440625 0.14166666666666666 0.034375 0.08333333333333333
0.0 0.49375 0.15416666666666667 0.025 0.05416666666666667
0.0 0.959375 0.17916666666666667 0.03125 0.0375
0.0 0.5 0.5 1.0 1.0
