0.0 0.1625 0.7105882352941176 0.325 0.5458823529411765
0.0 0.6921875 0.6141176470588235 0.4234375 0.7482352941176471
0.0 0.3125 0.46588235294117647 0.0828125 0.1976470588235294
0.0 0.203125 0.40941176470588236 0.0484375 0.08941176470588236
0.0 0.26875 0.40941176470588236 0.059375 0.08705882352941176
0.0 0.2328125 0.4 0.03125 0.07294117647058823
0.0 0.175 0.4470588235294118 0.04375 0.10823529411764705
0.0 0.0265625 0.5035294117647059 0.053125 0.18352941176470589
0.0 0.5671875 0.5152941176470588 0.115625 0.2917647058823529
0.0 0.0921875 0.6564705882352941 0.184375 0.6635294117647059
0.0 0.2578125 0.36705882352941177 0.0125 0.023529411764705882
0.0 0.14375 0.4258823529411765 0.0359375 0.10352941176470588
0.0 0.415625 0.6588235294117647 0.2359375 0.68
0.0 0.2390625 0.44 0.478125 0.27294117647058824
