0.0 0.8544600938967136 0.375 0.025821596244131457 0.0421875
0.0 0.5328638497652582 0.2953125 0.04929577464788732 0.0515625
0.0 0.5539906103286385 0.3125 0.04929577464788732 0.071875
0.0 0.4295774647887324 0.5734375 0.3591549295774648 0.5640625
0.0 0.7934272300469484 0.3734375 0.02112676056338028 0.0546875
0.0 0.7746478873239436 0.4421875 0.05868544600938967 0.084375
0.0 0.6103286384976526 0.4328125 0.07981220657276995 0.1203125
0.0 0.6431924882629108 0.3703125 0.06572769953051644 0.084375
0.0 0.6126760563380281 0.3515625 0.051643192488262914 0.071875
0.0 0.7183098591549296 0.35625 0.03990610328638498 0.0515625
0.0 0.6901408450704225 0.3484375 0.03286384976525822 0.0640625
0.0 0.5305164319248826 0.403125 0.15023474178403756 0.16875
0.0 0.8380281690140845 0.5828125 0.14553990610328638 0.2671875
0.0 0.5774647887323944 0.4671875 0.5774647887323944 0.596875
