0.0 0.3375 0.184375 0.08333333333333333 0.23125
0.0 0.9375 0.13125 0.09583333333333334 0.165625
0.0 0.5916666666666667 0.146875 0.125 0.259375
0.0 0.16666666666666666 0.33125 0.20416666666666666 0.40625
0.0 0.25416666666666665 0.23125 0.12083333333333333 0.2875
0.0 0.5333333333333333 0.40625 0.15 0.4
0.0 0.058333333333333334 0.240625 0.11666666666666667 0.309375
0.0 0.3958333333333333 0.215625 0.12916666666666668 0.23125
0.0 0.85 0.265625 0.23333333333333334 0.39375
0.0 0.9 0.48125 0.19583333333333333 0.684375
0.0 0.3375 0.553125 0.37083333333333335 0.571875
0.0 0.7958333333333333 0.115625 0.1375 0.153125
0.0 0.48333333333333334 0.053125 0.6333333333333333 0.103125
