0.0 0.7328125 0.71875 0.1734375 0.5625
0.0 0.89375 0.7 0.2109375 0.6
0.0 0.484375 0.5291666666666667 0.1375 0.6583333333333333
0.0 0.6625 0.29791666666666666 0.0578125 0.09583333333333334
0.0 0.4046875 0.625 0.15625 0.5166666666666667
0.0 0.2453125 0.5541666666666667 0.128125 0.475
0.0 0.5796875 0.6479166666666667 0.1296875 0.6520833333333333
0.0 0.3609375 0.5354166666666667 0.15 0.56875
0.0 0.6625 0.6645833333333333 0.134375 0.6645833333333333
0.0 0.5875 0.28958333333333336 0.08125 0.08541666666666667
0.0 0.7109375 0.34791666666666665 0.1375 0.2520833333333333
0.0 0.128125 0.60625 0.090625 0.44375
