0.0 0.9625 0.45528455284552843 0.0171875 0.22357723577235772
0.0 0.725 0.5284552845528455 0.0375 0.24796747967479674
0.0 0.7421875 0.4959349593495935 0.0328125 0.21951219512195122
0.0 0.103125 0.4796747967479675 0.0296875 0.13414634146341464
0.0 0.1359375 0.5813008130081301 0.0796875 0.3902439024390244
0.0 0.49375 0.4878048780487805 0.034375 0.09349593495934959
0.0 0.9296875 0.45934959349593496 0.0328125 0.21138211382113822
0.0 0.7796875 0.4878048780487805 0.0375 0.2073170731707317
0.0 0.5390625 0.5772357723577236 0.0640625 0.32113821138211385
0.0 0.690625 0.5121951219512195 0.0328125 0.21951219512195122
0.0 0.9765625 0.45934959349593496 0.0328125 0.24796747967479674
0.0 0.875 0.483739837398374 0.059375 0.1910569105691057
