0.0 0.728125 0.5604166666666667 0.0296875 0.0625
0.0 0.5640625 0.3854166666666667 0.0234375 0.03125
0.0 0.3234375 0.5895833333333333 0.0375 0.13958333333333334
0.0 0.465625 0.5916666666666667 0.065625 0.1375
0.0 0.625 0.5041666666666667 0.025 0.04375
0.0 0.709375 0.45 0.0203125 0.016666666666666666
0.0 0.496875 0.46041666666666664 0.0171875 0.020833333333333332
0.0 0.675 0.5645833333333333 0.0375 0.058333333333333334
0.0 0.5921875 0.45625 0.0203125 0.020833333333333332
0.0 0.428125 0.4666666666666667 0.025 0.03125
0.0 0.7828125 0.6854166666666667 0.0734375 0.22708333333333333
0.0 0.3296875 0.5208333333333334 0.03125 0.035416666666666666
0.0 0.3609375 0.6125 0.04375 0.09166666666666666
0.0 0.5 0.3375 1.0 0.54375
