0.0 0.9625 0.7535211267605634 0.03125 0.056338028169014086
0.0 0.553125 0.852112676056338 0.0171875 0.0892018779342723
0.0 0.7625 0.5 0.00625 0.014084507042253521
0.0 0.64375 0.5586854460093896 0.009375 0.03051643192488263
0.0 0.6421875 0.8755868544600939 0.01875 0.10328638497652583
0.0 0.2890625 0.8779342723004695 0.028125 0.07981220657276995
0.0 0.54375 0.8732394366197183 0.0296875 0.07746478873239436
0.0 0.39375 0.9225352112676056 0.0328125 0.07511737089201878
0.0 0.9125 0.7323943661971831 0.015625 0.046948356807511735
0.0 0.3359375 0.44835680751173707 0.003125 0.007042253521126761
0.0 0.0328125 0.8051643192488263 0.01875 0.03990610328638498
0.0 0.3921875 0.49765258215962443 0.0375 0.018779342723004695
