0.0 0.1377672209026128 0.1296875 0.0831353919239905 0.0921875
0.0 0.9121140142517815 0.4953125 0.17339667458432304 0.59375
0.0 0.6579572446555819 0.490625 0.14489311163895488 0.559375
0.0 0.0831353919239905 0.50625 0.166270783847981 0.5609375
0.0 0.34679334916864607 0.640625 0.04513064133016627 0.1640625
0.0 0.5843230403800475 0.271875 0.04513064133016627 0.059375
0.0 0.2755344418052256 0.553125 0.2589073634204275 0.4765625
0.0 0.7315914489311164 0.2171875 0.07125890736342043 0.065625
0.0 0.517814726840855 0.5578125 0.28028503562945367 0.771875
0.0 0.17814726840855108 0.4390625 0.14251781472684086 0.421875
0.0 0.8099762470308789 0.49375 0.166270783847981 0.503125
0.0 0.836104513064133 0.1328125 0.07363420427553444 0.08125
0.0 0.7220902612826603 0.4890625 0.13539192399049882 0.46875
0.0 0.4821852731591449 0.390625 0.9619952494061758 0.78125
