0.0 0.16875 0.3625 0.06875 0.34791666666666665
0.0 0.678125 0.23541666666666666 0.053125 0.10833333333333334
0.0 0.834375 0.2 0.0453125 0.10833333333333334
0.0 0.7328125 0.26458333333333334 0.06875 0.09375
0.0 0.6515625 0.30416666666666664 0.059375 0.11041666666666666
0.0 0.5796875 0.30833333333333335 0.0609375 0.1
0.0 0.2953125 0.24583333333333332 0.078125 0.175
0.0 0.634375 0.26666666666666666 0.040625 0.08333333333333333
0.0 0.5203125 0.3145833333333333 0.0671875 0.08958333333333333
0.0 0.8640625 0.2791666666666667 0.065625 0.09791666666666667
0.0 0.3453125 0.47291666666666665 0.2109375 0.49375
0.0 0.79375 0.3020833333333333 0.071875 0.12708333333333333
0.0 0.8890625 0.175 0.053125 0.09791666666666667
0.0 0.5 0.28125 1.0 0.5625
