0.0 0.99375 0.6083333333333333 0.0109375 0.03958333333333333
0.0 0.80625 0.5104166666666666 0.00625 0.020833333333333332
0.0 0.8609375 0.46458333333333335 0.0078125 0.01875
0.0 0.5078125 0.50625 0.0109375 0.0375
0.0 0.303125 0.55625 0.0140625 0.05
0.0 0.7328125 0.4979166666666667 0.0015625 0.00625
0.0 0.815625 0.48333333333333334 0.00625 0.014583333333333334
0.0 0.7984375 0.5041666666666667 0.0046875 0.0125
0.0 0.70625 0.49166666666666664 0.0125 0.022916666666666665
0.0 0.8125 0.525 0.00625 0.03333333333333333
0.0 0.7984375 0.5125 0.009375 0.029166666666666667
0.0 0.490625 0.6229166666666667 0.0328125 0.07291666666666667
0.0 0.759375 0.50625 0.009375 0.020833333333333332
0.0 0.6921875 0.51875 0.2828125 0.08333333333333333
