0.0 0.7728337236533958 0.196875 0.07962529274004684 0.0515625
0.0 0.1522248243559719 0.3578125 0.07494145199063232 0.0703125
0.0 0.9461358313817331 0.2046875 0.10304449648711944 0.115625
0.0 0.7447306791569087 0.2109375 0.06791569086651054 0.0203125
0.0 0.8688524590163934 0.1796875 0.06791569086651054 0.0640625
0.0 0.8618266978922716 0.1171875 0.07494145199063232 0.0625
0.0 0.2810304449648712 0.35 0.0702576112412178 0.09375
0.0 0.882903981264637 0.2125 0.02810304449648712 0.0234375
0.0 0.667447306791569 0.2078125 0.03747072599531616 0.0234375
0.0 0.9320843091334895 0.1171875 0.07494145199063232 0.05625
0.0 0.7072599531615925 0.11875 0.117096018735363 0.0765625
0.0 0.4238875878220141 0.615625 0.1873536299765808 0.4140625
