0.0 0.984375 0.4462616822429907 0.0296875 0.14719626168224298
0.0 0.103125 0.45560747663551404 0.04375 0.06074766355140187
0.0 0.2375 0.4252336448598131 0.0171875 0.08411214953271028
0.0 0.159375 0.4462616822429907 0.059375 0.07476635514018691
0.0 0.0125 0.48364485981308414 0.025 0.10514018691588785
0.0 0.14375 0.4392523364485981 0.0109375 0.035046728971962614
0.0 0.0625 0.4766355140186916 0.05 0.102803738317757
0.0 0.38125 0.4158878504672897 0.1359375 0.31542056074766356
0.0 0.4734375 0.4672897196261682 0.040625 0.12149532710280374
0.0 0.2109375 0.4462616822429907 0.059375 0.07476635514018691
0.0 0.9609375 0.4672897196261682 0.028125 0.06775700934579439
0.0 0.9578125 0.4158878504672897 0.025 0.04439252336448598
0.0 0.028125 0.48598130841121495 0.034375 0.09813084112149532
