0.0 0.234375 0.10304449648711944 0.190625 0.20843091334894615
0.0 0.190625 0.48243559718969553 0.2640625 0.4098360655737705
0.0 0.490625 0.44730679156908665 0.2796875 0.3091334894613583
0.0 0.875 0.8501170960187353 0.2234375 0.2997658079625293
0.0 0.465625 0.13348946135831383 0.184375 0.2505854800936768
0.0 0.478125 0.21311475409836064 0.153125 0.17798594847775176
0.0 0.1734375 0.9250585480093677 0.2875 0.14988290398126464
0.0 0.053125 0.10304449648711944 0.10625 0.20843091334894615
0.0 0.7484375 0.4262295081967213 0.209375 0.3864168618266979
0.0 0.2078125 0.1288056206088993 0.228125 0.23653395784543327
0.0 0.2109375 0.65807962529274 0.3359375 0.38875878220140514
