0.0 0.33125 0.5416666666666666 0.0515625 0.0875
0.0 0.9265625 0.6479166666666667 0.146875 0.6666666666666666
0.0 0.4453125 0.4895833333333333 0.0390625 0.08125
0.0 0.8890625 0.37916666666666665 0.04375 0.08333333333333333
0.0 0.3625 0.45 0.03125 0.09583333333333334
0.0 0.4390625 0.44166666666666665 0.0453125 0.06458333333333334
0.0 0.9234375 0.37916666666666665 0.0328125 0.08541666666666667
0.0 0.0546875 0.675 0.10625 0.6479166666666667
0.0 0.7796875 0.65 0.1828125 0.6458333333333334
0.0 0.575 0.29583333333333334 0.04375 0.0625
0.0 0.9375 0.32916666666666666 0.0234375 0.058333333333333334
0.0 0.63125 0.6875 0.2578125 0.625
0.0 0.515625 0.6666666666666666 0.2125 0.60625
0.0 0.5 0.29583333333333334 0.9984375 0.56875
