0.0 0.7616822429906542 0.4828125 0.0630841121495327 0.0609375
0.0 0.7219626168224299 0.228125 0.441588785046729 0.3375
0.0 0.3130841121495327 0.353125 0.1308411214953271 0.1953125
0.0 0.07476635514018691 0.2875 0.0911214953271028 0.1390625
0.0 0.8294392523364486 0.4765625 0.07476635514018691 0.09375
0.0 0.18457943925233644 0.346875 0.10046728971962617 0.08125
0.0 0.5046728971962616 0.35 0.07476635514018691 0.05
0.0 0.9602803738317757 0.5046875 0.05841121495327103 0.053125
0.0 0.7149532710280374 0.4796875 0.04205607476635514 0.05625
0.0 0.7032710280373832 0.46875 0.056074766355140186 0.0609375
0.0 0.6004672897196262 0.45625 0.0794392523364486 0.0703125
0.0 0.6612149532710281 0.4515625 0.06775700934579439 0.096875
0.0 0.883177570093458 0.4984375 0.056074766355140186 0.0625
