0.0 0.7140625 0.29508196721311475 0.0125 0.03278688524590164
0.0 0.759375 0.6721311475409836 0.234375 0.41920374707259955
0.0 0.75 0.3325526932084309 0.065625 0.10772833723653395
0.0 0.3390625 0.34192037470725994 0.0546875 0.11241217798594848
0.0 0.6875 0.3185011709601874 0.0265625 0.07494145199063232
0.0 0.4328125 0.2857142857142857 0.0140625 0.04449648711943794
0.0 0.3640625 0.33489461358313816 0.01875 0.1053864168618267
0.0 0.778125 0.3442622950819672 0.0421875 0.11007025761124122
0.0 0.51875 0.3161592505854801 0.03125 0.053864168618266976
0.0 0.203125 0.34894613583138173 0.071875 0.20374707259953162
0.0 0.640625 0.2903981264637002 0.0203125 0.09133489461358314
0.0 0.3546875 0.29508196721311475 0.0125 0.03278688524590164
0.0 0.7234375 0.2927400468384075 0.0140625 0.02810304449648712
0.0 0.50625 0.32786885245901637 0.5015625 0.21311475409836064
