0.0 0.5484375 0.1592505854800937 0.059375 0.13817330210772832
0.0 0.5609375 0.2388758782201405 0.059375 0.16159250585480095
0.0 0.4328125 0.28337236533957844 0.065625 0.23653395784543327
0.0 0.3578125 0.2646370023419204 0.121875 0.2576112412177986
0.0 0.6390625 0.2388758782201405 0.04375 0.09601873536299765
0.0 0.1265625 0.18266978922716628 0.0375 0.11475409836065574
0.0 0.4859375 0.27634660421545665 0.1046875 0.26697892271662765
0.0 0.2859375 0.22014051522248243 0.05 0.10304449648711944
0.0 0.328125 0.2224824355971897 0.0421875 0.11943793911007025
0.0 0.69375 0.2224824355971897 0.04375 0.1288056206088993
0.0 0.66875 0.19437939110070257 0.028125 0.0702576112412178
0.0 0.9703125 0.1920374707259953 0.0359375 0.07962529274004684
0.0 0.4703125 0.22716627634660422 0.0453125 0.10304449648711944
0.0 0.55625 0.2529274004683841 0.8046875 0.33489461358313816
