0.0 0.246875 0.29205607476635514 0.028125 0.06775700934579439
0.0 0.246875 0.205607476635514 0.01875 0.0397196261682243
0.0 0.575 0.3364485981308411 0.01875 0.06074766355140187
0.0 0.3234375 0.3317757009345794 0.03125 0.06542056074766354
0.0 0.2453125 0.17757009345794392 0.0265625 0.04205607476635514
0.0 0.6375 0.3317757009345794 0.0296875 0.06074766355140187
0.0 0.7375 0.3247663551401869 0.0375 0.07476635514018691
0.0 0.5953125 0.34345794392523366 0.0359375 0.04439252336448598
0.0 0.728125 0.2827102803738318 0.025 0.05841121495327103
0.0 0.821875 0.37383177570093457 0.0546875 0.1378504672897196
0.0 0.7640625 0.2803738317757009 0.0296875 0.04906542056074766
0.0 0.4546875 0.3925233644859813 0.1515625 0.4929906542056075
0.0 0.5453125 0.3294392523364486 0.0421875 0.06775700934579439
0.0 0.5 0.4742990654205608 0.9984375 0.9485981308411215
