0.0 0.2265625 0.30833333333333335 0.10625 0.2791666666666667
0.0 0.559375 0.14791666666666667 0.1046875 0.18541666666666667
0.0 0.7921875 0.6229166666666667 0.3078125 0.6791666666666667
0.0 0.89375 0.34375 0.1359375 0.22708333333333333
0.0 0.36875 0.2875 0.1265625 0.26875
0.0 0.1578125 0.7166666666666667 0.3125 0.54375
0.0 0.4625 0.6270833333333333 0.28125 0.7395833333333334
0.0 0.6203125 0.2875 0.1078125 0.20625
0.0 0.8453125 0.725 0.3078125 0.5270833333333333
0.0 0.6859375 0.36666666666666664 0.1390625 0.33541666666666664
0.0 0.5046875 0.22083333333333333 0.0671875 0.08958333333333333
0.0 0.0515625 0.25 0.1 0.20416666666666666
0.0 0.06875 0.3625 0.13125 0.3020833333333333
0.0 0.3390625 0.61875 0.678125 0.7625
