0.0 0.6303418803418803 0.403125 0.2692307692307692 0.1734375
0.0 0.0641025641025641 0.4453125 0.12179487179487179 0.3515625
0.0 0.717948717948718 0.7375 0.03205128205128205 0.090625
0.0 0.688034188034188 0.70625 0.03418803418803419 0.0625
0.0 0.1346153846153846 0.45625 0.1047008547008547 0.090625
0.0 0.11324786324786325 0.478125 0.13247863247863248 0.2265625
0.0 0.17307692307692307 0.5671875 0.1752136752136752 0.3109375
0.0 0.4594017094017094 0.721875 0.038461538461538464 0.09375
0.0 0.1388888888888889 0.3421875 0.16452991452991453 0.1453125
0.0 0.021367521367521368 0.2609375 0.04487179487179487 0.05
0.0 0.5534188034188035 0.721875 0.042735042735042736 0.096875
0.0 0.48717948717948717 0.725 0.023504273504273504 0.0765625
0.0 0.5106837606837606 0.728125 0.042735042735042736 0.0796875
0.0 0.34615384615384615 0.7421875 0.6901709401709402 0.5140625
