0.0 0.0140625 0.58298755186722 0.0296875 0.2800829875518672
0.0 0.1046875 0.470954356846473 0.04375 0.1016597510373444
0.0 0.6328125 0.42738589211618255 0.06875 0.13900414937759337
0.0 0.75 0.48132780082987553 0.046875 0.26348547717842324
0.0 0.8015625 0.483402489626556 0.0609375 0.22199170124481327
0.0 0.703125 0.4024896265560166 0.021875 0.06224066390041494
0.0 0.1609375 0.5311203319502075 0.0765625 0.2676348547717842
0.0 0.2109375 0.4979253112033195 0.0171875 0.06431535269709543
0.0 0.93125 0.37136929460580914 0.0546875 0.0975103734439834
0.0 0.98125 0.41286307053941906 0.0375 0.16597510373443983
0.0 0.0765625 0.5456431535269709 0.1234375 0.3008298755186722
0.0 0.26875 0.5684647302904564 0.1109375 0.3112033195020747
0.0 0.6921875 0.43568464730290457 0.0453125 0.14522821576763487
0.0 0.46875 0.47925311203319504 0.5515625 0.23651452282157676
