0.0 0.20327102803738317 0.5140625 0.07710280373831775 0.0734375
0.0 0.5514018691588785 0.48125 0.0630841121495327 0.0671875
0.0 0.32009345794392524 0.521875 0.06074766355140187 0.065625
0.0 0.7523364485981309 0.2796875 0.06542056074766354 0.03125
0.0 0.1425233644859813 0.1984375 0.08411214953271028 0.1171875
0.0 0.6612149532710281 0.4578125 0.06775700934579439 0.040625
0.0 0.5233644859813084 0.25 0.08644859813084112 0.0609375
0.0 0.8621495327102804 0.8109375 0.15186915887850466 0.2375
0.0 0.3364485981308411 0.75 0.1939252336448598 0.1953125
0.0 0.40420560747663553 0.5203125 0.07242990654205607 0.071875
0.0 0.4205607476635514 0.471875 0.03271028037383177 0.0375
0.0 0.4976635514018692 0.5203125 0.09579439252336448 0.065625
0.0 0.6588785046728972 0.24375 0.053738317757009345 0.0421875
0.0 0.5 0.3578125 1.0 0.7171875
