0.0 0.275 0.6895833333333333 0.2546875 0.59375
0.0 0.540625 0.6625 0.1109375 0.6125
0.0 0.315625 0.44375 0.059375 0.16875
0.0 0.64375 0.6375 0.0984375 0.48125
0.0 0.403125 0.6354166666666666 0.1765625 0.4166666666666667
0.0 0.4390625 0.6270833333333333 0.09375 0.5020833333333333
0.0 0.1671875 0.55 0.071875 0.175
0.0 0.4125 0.4083333333333333 0.0609375 0.11875
0.0 0.2484375 0.36875 0.0609375 0.058333333333333334
0.0 0.065625 0.5958333333333333 0.1234375 0.16875
0.0 0.6921875 0.6145833333333334 0.0640625 0.4125
0.0 0.5984375 0.5020833333333333 0.0625 0.24375
