0.0 0.6859375 0.45454545454545453 0.0203125 0.1553030303030303
0.0 0.340625 0.4696969696969697 0.0140625 0.09090909090909091
0.0 0.8421875 0.4734848484848485 0.0203125 0.2537878787878788
0.0 0.821875 0.4696969696969697 0.03125 0.23106060606060605
0.0 0.8046875 0.4696969696969697 0.021875 0.22348484848484848
0.0 0.325 0.4772727272727273 0.015625 0.09848484848484848
0.0 0.5015625 0.48484848484848486 0.0203125 0.19318181818181818
0.0 0.7390625 0.45075757575757575 0.021875 0.16287878787878787
0.0 0.93125 0.5454545454545454 0.1296875 0.8674242424242424
0.0 0.759375 0.4583333333333333 0.025 0.17803030303030304
0.0 0.7796875 0.4621212121212121 0.0203125 0.17803030303030304
0.0 0.8609375 0.5075757575757576 0.034375 0.2878787878787879
0.0 0.903125 0.4090909090909091 0.034375 0.11742424242424243
0.0 0.534375 0.5113636363636364 0.7578125 0.35984848484848486
