0.0 0.459375 0.6752336448598131 0.009375 0.037383177570093455
0.0 0.43125 0.677570093457944 0.0078125 0.028037383177570093
0.0 0.384375 0.7546728971962616 0.065625 0.11214953271028037
0.0 0.553125 0.6705607476635514 0.0109375 0.0397196261682243
0.0 0.2375 0.6822429906542056 0.0078125 0.04672897196261682
0.0 0.259375 0.6845794392523364 0.0109375 0.04205607476635514
0.0 0.6640625 0.7266355140186916 0.0328125 0.09579439252336448
0.0 0.2953125 0.6845794392523364 0.009375 0.04672897196261682
0.0 0.2171875 0.677570093457944 0.0109375 0.04439252336448598
0.0 0.7640625 0.6588785046728972 0.0125 0.04672897196261682
0.0 0.596875 0.6845794392523364 0.584375 0.04672897196261682
0.0 0.3390625 0.6822429906542056 0.015625 0.05841121495327103
0.0 0.8875 0.7313084112149533 0.0375 0.10046728971962617
0.0 0.4390625 0.6752336448598131 0.8796875 0.10046728971962617
