0.0 0.5890625 0.6423529411764706 0.0421875 0.14352941176470588
0.0 0.0890625 0.8776470588235294 0.1484375 0.2447058823529412
0.0 0.0640625 0.5623529411764706 0.021875 0.05647058823529412
0.0 0.5625 0.611764705882353 0.028125 0.12941176470588237
0.0 0.16875 0.7388235294117647 0.0875 0.3458823529411765
0.0 0.5203125 0.5694117647058824 0.01875 0.042352941176470586
0.0 0.9046875 0.6729411764705883 0.04375 0.16470588235294117
0.0 0.090625 0.7058823529411765 0.08125 0.3835294117647059
0.0 0.3765625 0.5694117647058824 0.01875 0.07529411764705882
0.0 0.6984375 0.6541176470588236 0.0265625 0.13176470588235295
0.0 0.0265625 0.6494117647058824 0.0484375 0.2611764705882353
0.0 0.6671875 0.6611764705882353 0.040625 0.1388235294117647
0.0 0.5359375 0.5741176470588235 0.0203125 0.058823529411764705
0.0 0.46875 0.7341176470588235 0.9296875 0.5317647058823529
