0.0 0.04553415061295972 0.175 0.09106830122591944 0.125
0.0 0.649737302977233 0.21875 0.10507880910683012 0.10625
0.0 0.7373029772329247 0.08125 0.08756567425569177 0.1640625
0.0 0.8598949211908932 0.2421875 0.0893169877408056 0.0765625
0.0 0.5586690017513135 0.1234375 0.09281961471103327 0.1609375
0.0 0.5481611208406305 0.4765625 0.2626970227670753 0.5484375
0.0 0.3502626970227671 0.1859375 0.11033274956217162 0.1609375
0.0 0.7583187390542907 0.228125 0.10683012259194395 0.0953125
0.0 0.2469352014010508 0.1890625 0.10332749562171628 0.1546875
0.0 0.5516637478108581 0.1921875 0.09982486865148861 0.128125
0.0 0.16112084063047286 0.18125 0.1295971978984238 0.15
0.0 0.46059544658493873 0.18125 0.11208406304728546 0.1359375
0.0 0.47810858143607704 0.115625 0.08581436077057793 0.1421875
0.0 0.5604203152364273 0.134375 0.7145359019264448 0.2703125
