0.0 0.765625 0.477751756440281 0.03125 0.06323185011709602
0.0 0.4 0.6627634660421545 0.184375 0.6463700234192038
0.0 0.16875 0.6487119437939111 0.103125 0.46604215456674475
0.0 0.634375 0.468384074941452 0.0453125 0.10304449648711944
0.0 0.303125 0.594847775175644 0.053125 0.28805620608899296
0.0 0.9390625 0.5644028103044496 0.1203125 0.8477751756440282
0.0 0.753125 0.47306791569086654 0.0171875 0.03278688524590164
0.0 0.728125 0.5199063231850117 0.059375 0.26697892271662765
0.0 0.0859375 0.6697892271662763 0.075 0.3981264637002342
0.0 0.5875 0.49882903981264637 0.146875 0.2646370023419204
0.0 0.8015625 0.6791569086651054 0.1421875 0.6135831381733021
0.0 0.0390625 0.6861826697892272 0.0765625 0.477751756440281
0.0 0.2421875 0.6206088992974239 0.0734375 0.3747072599531616
