0.0 0.0703125 0.4617067833698031 0.0484375 0.18161925601750548
0.0 0.6546875 0.4551422319474836 0.040625 0.16630196936542668
0.0 0.7359375 0.4726477024070022 0.0375 0.19693654266958424
0.0 0.828125 0.6717724288840262 0.1828125 0.6542669584245077
0.0 0.259375 0.4442013129102845 0.0328125 0.12472647702407003
0.0 0.6828125 0.45951859956236324 0.034375 0.18818380743982493
0.0 0.5828125 0.437636761487965 0.021875 0.12691466083150985
0.0 0.6078125 0.45295404814004375 0.028125 0.16192560175054704
0.0 0.56875 0.4442013129102845 0.0296875 0.1575492341356674
0.0 0.8875 0.4989059080962801 0.0546875 0.24070021881838075
0.0 0.3015625 0.45295404814004375 0.053125 0.15536105032822758
0.0 0.546875 0.47045951859956237 0.0578125 0.2100656455142232
0.0 0.3546875 0.48577680525164113 0.05 0.24070021881838075
0.0 0.4765625 0.437636761487965 0.8125 0.14442013129102846
