0.0 0.1639784946236559 0.971875 0.026881720430107527 0.05
0.0 0.5053763440860215 0.9671875 0.024193548387096774 0.03125
0.0 0.4327956989247312 0.95625 0.016129032258064516 0.0203125
0.0 0.1935483870967742 0.9765625 0.03225806451612903 0.0421875
0.0 0.3897849462365591 0.9734375 0.02956989247311828 0.046875
0.0 0.2956989247311828 0.9703125 0.024193548387096774 0.040625
0.0 0.44623655913978494 0.96875 0.026881720430107527 0.04375
0.0 0.6075268817204301 0.953125 0.016129032258064516 0.015625
0.0 0.10215053763440861 0.9734375 0.016129032258064516 0.01875
0.0 0.41397849462365593 0.9734375 0.02956989247311828 0.04375
0.0 0.1424731182795699 0.9765625 0.021505376344086023 0.021875
0.0 0.25 0.9734375 0.03763440860215054 0.0515625
0.0 0.051075268817204304 0.9734375 0.043010752688172046 0.053125
0.0 0.3467741935483871 0.959375 0.4489247311827957 0.0390625
