0.0 0.4890625 0.48541666666666666 0.053125 0.2625
0.0 0.15625 0.6208333333333333 0.309375 0.7541666666666667
0.0 0.5125 0.42916666666666664 0.028125 0.11458333333333333
0.0 0.809375 0.3770833333333333 0.0109375 0.05416666666666667
0.0 0.803125 0.3729166666666667 0.0046875 0.025
0.0 0.4359375 0.49375 0.0984375 0.32708333333333334
0.0 0.6875 0.39166666666666666 0.0078125 0.03333333333333333
0.0 0.7328125 0.3729166666666667 0.0109375 0.035416666666666666
0.0 0.78125 0.4083333333333333 0.046875 0.12083333333333333
0.0 0.7953125 0.3770833333333333 0.0140625 0.041666666666666664
0.0 0.3515625 0.6270833333333333 0.159375 0.6
