0.0 0.346875 0.5362997658079626 0.065625 0.1358313817330211
0.0 0.6578125 0.4918032786885246 0.059375 0.08430913348946135
0.0 0.7109375 0.48243559718969553 0.053125 0.08430913348946135
0.0 0.2015625 0.47306791569086654 0.0734375 0.18969555035128804
0.0 0.18125 0.4238875878220141 0.0375 0.08196721311475409
0.0 0.6765625 0.468384074941452 0.0328125 0.06791569086651054
0.0 0.14375 0.47540983606557374 0.0453125 0.1288056206088993
0.0 0.378125 0.5409836065573771 0.0703125 0.15456674473067916
0.0 0.3015625 0.5058548009367682 0.06875 0.17330210772833723
0.0 0.5421875 0.5386416861826698 0.0703125 0.15690866510538642
0.0 0.25 0.49882903981264637 0.059375 0.14988290398126464
0.0 0.503125 0.5644028103044496 0.11875 0.17096018735362997
0.0 0.4359375 0.5573770491803278 0.0796875 0.1522248243559719
0.0 0.3625 0.47306791569086654 0.565625 0.22482435597189696
