0.0 0.99375 0.65625 0.0109375 0.15
0.0 0.8921875 0.6479166666666667 0.01875 0.12708333333333333
0.0 0.246875 0.6875 0.01875 0.05
0.0 0.9328125 0.6458333333333334 0.0203125 0.15208333333333332
0.0 0.9765625 0.65 0.015625 0.15416666666666667
0.0 0.2125 0.7208333333333333 0.04375 0.18125
0.0 0.19375 0.7145833333333333 0.01875 0.16458333333333333
0.0 0.1546875 0.7020833333333333 0.05625 0.21875
0.0 0.95625 0.6604166666666667 0.040625 0.15
0.0 0.678125 0.7125 0.0890625 0.2625
0.0 0.0765625 0.6416666666666667 0.0265625 0.07291666666666667
0.0 0.909375 0.65 0.03125 0.1375
0.0 0.9671875 0.6125 0.0328125 0.08958333333333333
0.0 0.43125 0.68125 0.621875 0.1125
