0.0 0.8609375 0.2125 0.05625 0.11875
0.0 0.88125 0.5104166666666666 0.2375 0.31875
0.0 0.5484375 0.325 0.2515625 0.3854166666666667
0.0 0.9484375 0.22708333333333333 0.0875 0.11875
0.0 0.978125 0.15833333333333333 0.0421875 0.15208333333333332
0.0 0.340625 0.225 0.121875 0.14375
0.0 0.9546875 0.1875 0.0625 0.10416666666666667
0.0 0.409375 0.23333333333333334 0.1765625 0.2604166666666667
0.0 0.6375 0.2875 0.1109375 0.31875
0.0 0.771875 0.1625 0.0640625 0.12083333333333333
0.0 0.878125 0.14583333333333334 0.028125 0.03333333333333333
0.0 0.8046875 0.18333333333333332 0.090625 0.10833333333333334
0.0 0.25 0.3145833333333333 0.33125 0.625
0.0 0.378125 0.18333333333333332 0.046875 0.11041666666666666
