0.0 0.3703125 0.5011709601873536 0.015625 0.04449648711943794
0.0 0.359375 0.7072599531615925 0.1484375 0.22482435597189696
0.0 0.1078125 0.10772833723653395 0.028125 0.06791569086651054
0.0 0.0546875 0.5690866510538641 0.0296875 0.1405152224824356
0.0 0.40625 0.4613583138173302 0.0171875 0.0585480093676815
0.0 0.1109375 0.5644028103044496 0.0234375 0.1405152224824356
0.0 0.34375 0.5386416861826698 0.0203125 0.1053864168618267
0.0 0.6296875 0.45433255269320844 0.015625 0.0351288056206089
0.0 0.5125 0.6112412177985949 0.15 0.34660421545667447
0.0 0.090625 0.5644028103044496 0.0375 0.13348946135831383
0.0 0.171875 0.5573770491803278 0.0234375 0.11007025761124122
0.0 0.028125 0.5714285714285714 0.046875 0.12412177985948478
0.0 0.2078125 0.6768149882903981 0.109375 0.33489461358313816
0.0 0.290625 0.36533957845433257 0.3359375 0.5386416861826698
