0.0 0.7 0.34894613583138173 0.1 0.12412177985948478
0.0 0.7890625 0.25526932084309134 0.04375 0.2505854800936768
0.0 0.8203125 0.25526932084309134 0.059375 0.26229508196721313
0.0 0.628125 0.3700234192037471 0.0515625 0.05152224824355972
0.0 0.9140625 0.15690866510538642 0.0390625 0.06323185011709602
0.0 0.4203125 0.20843091334894615 0.0796875 0.2576112412177986
0.0 0.5671875 0.41451990632318503 0.2890625 0.46604215456674475
0.0 0.8984375 0.2716627634660422 0.0359375 0.2693208430913349
0.0 0.584375 0.2997658079625293 0.034375 0.09601873536299765
0.0 0.9390625 0.2716627634660422 0.0640625 0.3255269320843091
