0.0 0.8200934579439252 0.071875 0.102803738317757 0.0671875
0.0 0.10514018691588785 0.378125 0.2102803738317757 0.4015625
0.0 0.5233644859813084 0.06875 0.12383177570093458 0.05625
0.0 0.3060747663551402 0.0578125 0.12149532710280374 0.046875
0.0 0.04439252336448598 0.0640625 0.0911214953271028 0.053125
0.0 0.5771028037383178 0.6109375 0.6401869158878505 0.778125
0.0 0.822429906542056 0.40625 0.3060747663551402 0.365625
0.0 0.9345794392523364 0.0703125 0.09345794392523364 0.0703125
0.0 0.08878504672897196 0.0625 0.04205607476635514 0.05
0.0 0.1939252336448598 0.0765625 0.1658878504672897 0.0765625
0.0 0.677570093457944 0.0765625 0.07009345794392523 0.0671875
