0.0 0.88125 0.5109375 0.0020833333333333333 0.0125
0.0 0.16041666666666668 0.5125 0.01875 0.0078125
0.0 0.7416666666666667 0.5109375 0.00625 0.0078125
0.0 0.24166666666666667 0.5875 0.01875 0.025
0.0 0.21666666666666667 0.5125 0.008333333333333333 0.0125
0.0 0.2 0.5546875 0.0125 0.015625
0.0 0.8604166666666667 0.4953125 0.008333333333333333 0.0109375
0.0 0.75625 0.5421875 0.00625 0.0171875
0.0 0.08541666666666667 0.51875 0.00625 0.0078125
0.0 0.9354166666666667 0.509375 0.008333333333333333 0.0140625
0.0 0.5708333333333333 0.559375 0.0125 0.0171875
0.0 0.9083333333333333 0.5015625 0.00625 0.009375
0.0 0.8125 0.5046875 0.00625 0.009375
