0.0 0.2734375 0.3890160183066362 0.0328125 0.15331807780320367
0.0 0.0671875 0.7871853546910755 0.08125 0.32036613272311215
0.0 0.084375 0.631578947368421 0.1046875 0.18077803203661327
0.0 0.1796875 0.6613272311212814 0.0578125 0.2654462242562929
0.0 0.3125 0.40045766590389015 0.034375 0.12814645308924486
0.0 0.1171875 0.5766590389016019 0.071875 0.17162471395881007
0.0 0.190625 0.551487414187643 0.053125 0.2471395881006865
0.0 0.571875 0.45308924485125857 0.05 0.07322654462242563
0.0 0.1796875 0.5423340961098398 0.0375 0.10755148741418764
0.0 0.3421875 0.391304347826087 0.04375 0.18764302059496568
0.0 0.1046875 0.6086956521739131 0.0890625 0.18306636155606407
