0.0 0.24375 0.08333333333333333 0.0546875 0.13333333333333333
0.0 0.4734375 0.022916666666666665 0.009375 0.03125
0.0 0.6421875 0.3875 0.2078125 0.45208333333333334
0.0 0.9203125 0.03125 0.009375 0.020833333333333332
0.0 0.48125 0.08541666666666667 0.0640625 0.1125
0.0 0.615625 0.027083333333333334 0.0078125 0.029166666666666667
0.0 0.3828125 0.12916666666666668 0.0921875 0.24375
0.0 0.5171875 0.125 0.1359375 0.17083333333333334
0.0 0.4703125 0.30833333333333335 0.16875 0.28541666666666665
0.0 0.2953125 0.11041666666666666 0.0984375 0.19375
0.0 0.3484375 0.05625 0.05625 0.09583333333333334
0.0 0.1890625 0.5791666666666667 0.3203125 0.6875
0.0 0.80625 0.6229166666666667 0.35 0.7541666666666667
0.0 0.515625 0.025 0.021875 0.01875
