0.0 0.056155507559395246 0.6640625 0.09719222462203024 0.0828125
0.0 0.9416846652267818 0.7859375 0.09287257019438445 0.046875
0.0 0.12311015118790497 0.671875 0.08423326133909287 0.0921875
0.0 0.028077753779697623 0.634375 0.056155507559395246 0.084375
0.0 0.816414686825054 0.7703125 0.12095032397408208 0.09375
0.0 0.7429805615550756 0.7421875 0.12311015118790497 0.084375
0.0 0.8898488120950324 0.76875 0.04967602591792657 0.065625
0.0 0.593952483801296 0.734375 0.11663066954643629 0.075
0.0 0.2591792656587473 0.2859375 0.2591792656587473 0.1484375
0.0 0.3045356371490281 0.6875 0.12526997840172785 0.1046875
0.0 0.46220302375809935 0.7328125 0.1900647948164147 0.1625
0.0 0.3693304535637149 0.6875 0.058315334773218146 0.0734375
0.0 0.1900647948164147 0.684375 0.12526997840172785 0.0828125
