0.0 0.0296875 0.2964705882352941 0.059375 0.5858823529411765
0.0 0.196875 0.13176470588235295 0.05625 0.2635294117647059
0.0 0.3953125 0.33176470588235296 0.15625 0.6541176470588236
0.0 0.1 0.3058823529411765 0.140625 0.6023529411764705
0.0 0.9125 0.1223529411764706 0.0453125 0.06352941176470588
0.0 0.31875 0.3247058823529412 0.15 0.64
0.0 0.6765625 0.40705882352941175 0.0921875 0.6470588235294118
0.0 0.8453125 0.16470588235294117 0.0328125 0.13411764705882354
0.0 0.7578125 0.15294117647058825 0.0375 0.05411764705882353
0.0 0.5265625 0.3952941176470588 0.2390625 0.788235294117647
