0.0 0.7962962962962963 0.865625 0.1522633744855967 0.203125
0.0 0.2366255144032922 0.634375 0.043209876543209874 0.096875
0.0 0.8786008230452675 0.10625 0.0411522633744856 0.09375
0.0 0.7942386831275721 0.6109375 0.051440329218107 0.1046875
0.0 0.7942386831275721 0.1203125 0.05555555555555555 0.10625
0.0 0.4506172839506173 0.346875 0.12139917695473251 0.31875
0.0 0.03292181069958848 0.6375 0.05555555555555555 0.1109375
0.0 0.39094650205761317 0.653125 0.047325102880658436 0.0515625
0.0 0.9629629629629629 0.096875 0.04526748971193416 0.1109375
0.0 0.1831275720164609 0.7125 0.06172839506172839 0.078125
0.0 0.4053497942386831 0.196875 0.05761316872427984 0.1171875
0.0 0.6666666666666666 0.3828125 0.20781893004115226 0.21875
0.0 0.9567901234567902 0.6015625 0.04938271604938271 0.128125
0.0 0.49794238683127573 0.3578125 0.9876543209876543 0.6859375
