0.0 0.8640625 0.5210280373831776 0.2171875 0.2102803738317757
0.0 0.375 0.36682242990654207 0.125 0.2383177570093458
0.0 0.7375 0.3574766355140187 0.1375 0.17523364485981308
0.0 0.25 0.3808411214953271 0.14375 0.22429906542056074
0.0 0.596875 0.3294392523364486 0.05625 0.09813084112149532
0.0 0.7296875 0.7780373831775701 0.5390625 0.4135514018691589
0.0 0.265625 0.6682242990654206 0.1890625 0.5560747663551402
0.0 0.628125 0.411214953271028 0.115625 0.2733644859813084
0.0 0.0234375 0.39485981308411217 0.046875 0.18925233644859812
0.0 0.1 0.719626168224299 0.2015625 0.5257009345794392
0.0 0.709375 0.5490654205607477 0.1703125 0.441588785046729
