0.0 0.8618266978922716 0.69375 0.03278688524590164 0.075
0.0 0.9414519906323185 0.665625 0.02576112412177986 0.046875
0.0 0.8056206088992974 0.909375 0.11943793911007025 0.18125
0.0 0.5152224824355972 0.865625 0.11241217798594848 0.203125
0.0 0.13348946135831383 0.8015625 0.09836065573770492 0.078125
0.0 0.4332552693208431 0.9078125 0.11007025761124122 0.1828125
0.0 0.6088992974238876 0.728125 0.05152224824355972 0.0953125
0.0 0.2997658079625293 0.9 0.12177985948477751 0.1984375
0.0 0.6463700234192038 0.7078125 0.0351288056206089 0.075
0.0 0.19437939110070257 0.7875 0.1053864168618267 0.1109375
0.0 0.07494145199063232 0.91875 0.14754098360655737 0.1609375
0.0 0.47540983606557374 0.7140625 0.0351288056206089 0.0859375
0.0 0.9110070257611241 0.84375 0.1358313817330211 0.2046875
0.0 0.49882903981264637 0.8125 1.0 0.375
