0.0 0.6796875 0.7027777777777777 0.0609375 0.16666666666666666
0.0 0.503125 0.8472222222222222 0.0578125 0.29444444444444445
0.0 0.5296875 0.7722222222222223 0.0375 0.20833333333333334
0.0 0.603125 0.675 0.0296875 0.10555555555555556
0.0 0.6265625 0.6833333333333333 0.03125 0.11666666666666667
0.0 0.959375 0.6722222222222223 0.08125 0.36944444444444446
0.0 0.840625 0.7166666666666667 0.10625 0.3611111111111111
0.0 0.7328125 0.6527777777777778 0.046875 0.18055555555555555
0.0 0.4203125 0.8638888888888889 0.0640625 0.26666666666666666
0.0 0.6 0.8166666666666667 0.1140625 0.36666666666666664
0.0 0.7734375 0.6861111111111111 0.05 0.20833333333333334
