0.0 0.3203125 0.675 0.00625 0.0375
0.0 0.3328125 0.8104166666666667 0.021875 0.0625
0.0 0.0171875 0.8041666666666667 0.01875 0.08541666666666667
0.0 0.6796875 0.7041666666666667 0.0078125 0.04583333333333333
0.0 0.621875 0.6979166666666666 0.0109375 0.041666666666666664
0.0 0.2359375 0.6625 0.0140625 0.05416666666666667
0.0 0.5046875 0.6875 0.0078125 0.05
0.0 0.171875 0.6541666666666667 0.0109375 0.05625
0.0 0.0703125 0.6479166666666667 0.0125 0.052083333333333336
0.0 0.55625 0.68125 0.00625 0.020833333333333332
0.0 0.053125 0.8083333333333333 0.0296875 0.08333333333333333
0.0 0.090625 0.9791666666666666 0.040625 0.03958333333333333
0.0 0.4984375 0.7041666666666667 0.0109375 0.04375
0.0 0.4953125 0.7104166666666667 0.9890625 0.27708333333333335
