0.0 0.771875 0.6197183098591549 0.125 0.3732394366197183
0.0 0.3953125 0.39436619718309857 0.0796875 0.21830985915492956
0.0 0.5109375 0.22769953051643194 0.0984375 0.15492957746478872
0.0 0.60625 0.2887323943661972 0.0578125 0.215962441314554
0.0 0.33125 0.43661971830985913 0.0765625 0.24413145539906103
0.0 0.665625 0.45539906103286387 0.0953125 0.2676056338028169
0.0 0.3953125 0.176056338028169 0.084375 0.20187793427230047
0.0 0.3796875 0.29577464788732394 0.06875 0.22535211267605634
0.0 0.88125 0.6549295774647887 0.2375 0.687793427230047
0.0 0.1015625 0.6901408450704225 0.2 0.5915492957746479
0.0 0.2921875 0.4765258215962441 0.146875 0.4694835680751174
0.0 0.65625 0.3075117370892019 0.125 0.31690140845070425
0.0 0.190625 0.6572769953051644 0.16875 0.6032863849765259
0.0 0.6375 0.3427230046948357 0.45 0.5751173708920188
