0.0 0.47147147147147145 0.432 0.07507507507507508 0.156
0.0 0.29429429429429427 0.4 0.057057057057057055 0.056
0.0 0.7747747747747747 0.652 0.25225225225225223 0.244
0.0 0.3783783783783784 0.478 0.12312312312312312 0.224
0.0 0.5525525525525525 0.356 0.009009009009009009 0.01
0.0 0.021021021021021023 0.58 0.03903903903903904 0.416
0.0 0.6006006006006006 0.406 0.018018018018018018 0.046
0.0 0.5435435435435435 0.428 0.0990990990990991 0.06
0.0 0.43243243243243246 0.392 0.018018018018018018 0.03
0.0 0.5075075075075075 0.394 0.03303303303303303 0.05
0.0 0.45045045045045046 0.406 0.036036036036036036 0.086
0.0 0.32432432432432434 0.476 0.10810810810810811 0.144
