0.0 0.7671875 0.49382716049382713 0.0078125 0.024691358024691357
0.0 0.925 0.5349794238683128 0.0171875 0.09876543209876543
0.0 0.9 0.6172839506172839 0.034375 0.2139917695473251
0.0 0.884375 0.5267489711934157 0.0109375 0.0823045267489712
0.0 0.8921875 0.5308641975308642 0.009375 0.03292181069958848
0.0 0.990625 0.6131687242798354 0.0171875 0.21810699588477367
0.0 0.8296875 0.551440329218107 0.0125 0.07407407407407407
0.0 0.91875 0.5390946502057613 0.0078125 0.06172839506172839
0.0 0.9125 0.5308641975308642 0.0078125 0.06172839506172839
0.0 0.846875 0.5432098765432098 0.009375 0.07818930041152264
0.0 0.8578125 0.5432098765432098 0.0125 0.05761316872427984
0.0 0.875 0.5432098765432098 0.0125 0.06584362139917696
0.0 0.9703125 0.6090534979423868 0.0234375 0.1934156378600823
0.0 0.86875 0.6337448559670782 0.16875 0.2880658436213992
