0.0 0.45542168674698796 0.4875 0.12289156626506025 0.1828125
0.0 0.5951807228915663 0.4203125 0.05542168674698795 0.0546875
0.0 0.12771084337349398 0.5125 0.14216867469879518 0.1546875
0.0 0.5469879518072289 0.415625 0.04096385542168675 0.040625
0.0 0.689156626506024 0.4109375 0.016867469879518072 0.046875
0.0 0.8746987951807229 0.425 0.012048192771084338 0.03125
0.0 0.5180722891566265 0.41875 0.05060240963855422 0.040625
0.0 0.9518072289156626 0.4125 0.01927710843373494 0.0359375
0.0 0.20963855421686747 0.44375 0.04096385542168675 0.1015625
0.0 0.02891566265060241 0.4703125 0.060240963855421686 0.203125
0.0 0.30120481927710846 0.43125 0.04819277108433735 0.121875
0.0 0.9349397590361446 0.4328125 0.04096385542168675 0.0734375
0.0 0.6674698795180722 0.415625 0.03855421686746988 0.040625
0.0 0.43855421686746987 0.403125 0.03855421686746988 0.0296875
