0.0 0.6265625 0.48130841121495327 0.1078125 0.4649532710280374
0.0 0.2890625 0.24299065420560748 0.059375 0.16822429906542055
0.0 0.0453125 0.5864485981308412 0.0921875 0.8037383177570093
0.0 0.334375 0.22897196261682243 0.0859375 0.15186915887850466
0.0 0.2015625 0.35514018691588783 0.1265625 0.37850467289719625
0.0 0.5546875 0.352803738317757 0.0625 0.2827102803738318
0.0 0.1140625 0.40186915887850466 0.153125 0.5654205607476636
0.0 0.084375 0.5163551401869159 0.1265625 0.5911214953271028
0.0 0.54375 0.4205607476635514 0.175 0.780373831775701
0.0 0.3296875 0.5887850467289719 0.559375 0.8200934579439252
