0.0 0.35208333333333336 0.5140625 0.1 0.0671875
0.0 0.7958333333333333 0.43125 0.05 0.046875
0.0 0.13958333333333334 0.5265625 0.13958333333333334 0.2234375
0.0 0.9583333333333334 0.4828125 0.08333333333333333 0.075
0.0 0.6645833333333333 0.4890625 0.09791666666666667 0.0734375
0.0 0.2604166666666667 0.4796875 0.10208333333333333 0.0765625
0.0 0.9125 0.565625 0.175 0.2390625
0.0 0.4791666666666667 0.4640625 0.08333333333333333 0.1015625
0.0 0.9 0.4125 0.052083333333333336 0.0546875
0.0 0.76875 0.4796875 0.08333333333333333 0.0953125
0.0 0.2708333333333333 0.5234375 0.1375 0.1296875
0.0 0.05416666666666667 0.5609375 0.10625 0.196875
0.0 0.8541666666666666 0.4203125 0.052083333333333336 0.0609375
