0.0 0.20374707259953162 0.5140625 0.40749414519906324 0.9515625
0.0 0.8688524590163934 0.525 0.25995316159250587 0.6875
0.0 0.7798594847775175 0.2234375 0.06088992974238876 0.1015625
0.0 0.477751756440281 0.271875 0.1053864168618267 0.2125
0.0 0.36533957845433257 0.3078125 0.20608899297423888 0.26875
0.0 0.5526932084309133 0.2 0.06791569086651054 0.0828125
0.0 0.6721311475409836 0.5515625 0.4215456674473068 0.7859375
0.0 0.7213114754098361 0.2265625 0.13114754098360656 0.2234375
0.0 0.4426229508196721 0.146875 0.1405152224824356 0.071875
0.0 0.24824355971896955 0.378125 0.44028103044496486 0.4875
0.0 0.6791569086651054 0.3328125 0.04918032786885246 0.1296875
0.0 0.8384074941451991 0.2375 0.07259953161592506 0.071875
0.0 0.33021077283372363 0.5765625 0.3161592505854801 0.8203125
