0.0 0.47332185886402756 0.6234375 0.025817555938037865 0.0484375
0.0 0.9810671256454389 0.7234375 0.03442340791738382 0.0671875
0.0 0.5628227194492255 0.6359375 0.0378657487091222 0.0609375
0.0 0.4991394148020654 0.634375 0.03098106712564544 0.0703125
0.0 0.5886402753872634 0.5828125 0.020654044750430294 0.0421875
0.0 0.22375215146299485 0.4515625 0.008605851979345954 0.0125
0.0 0.6247848537005164 0.6265625 0.03098106712564544 0.0359375
0.0 0.5662650602409639 0.59375 0.0189328743545611 0.040625
0.0 0.5266781411359724 0.571875 0.01721170395869191 0.0515625
0.0 0.9208261617900172 0.74375 0.03614457831325301 0.0484375
0.0 0.9690189328743546 0.7 0.020654044750430294 0.0546875
0.0 0.5197934595524957 0.596875 0.020654044750430294 0.0578125
0.0 0.6024096385542169 0.59375 0.024096385542168676 0.0546875
