0.0 0.3140625 0.3347921225382932 0.0265625 0.05032822757111598
0.0 0.3421875 0.34573304157549234 0.0234375 0.08315098468271334
0.0 0.5015625 0.43326039387308535 0.09375 0.2013129102844639
0.0 0.2421875 0.5492341356673961 0.353125 0.9015317286652079
0.0 0.528125 0.36980306345733044 0.028125 0.11597374179431072
0.0 0.4328125 0.42669584245076586 0.06875 0.18818380743982493
0.0 0.5609375 0.3522975929978118 0.0203125 0.0700218818380744
0.0 0.3625 0.3588621444201313 0.0234375 0.10284463894967177
0.0 0.1359375 0.3304157549234136 0.0171875 0.05470459518599562
0.0 0.078125 0.6520787746170679 0.0640625 0.5317286652078774
0.0 0.7296875 0.4420131291028446 0.196875 0.7242888402625821
0.0 0.390625 0.37199124726477023 0.03125 0.1400437636761488
0.0 0.8734375 0.4288840262582057 0.125 0.4442013129102845
0.0 0.4921875 0.38949671772428884 0.9859375 0.22975929978118162
