0.0 0.9686609686609686 0.594 0.06267806267806268 0.136
0.0 0.7008547008547008 0.662 0.10256410256410256 0.062
0.0 0.3333333333333333 0.766 0.07122507122507123 0.066
0.0 0.045584045584045586 0.868 0.09401709401709402 0.108
0.0 0.452991452991453 0.73 0.11965811965811966 0.078
0.0 0.10826210826210826 0.836 0.10541310541310542 0.098
0.0 0.7350427350427351 0.638 0.07977207977207977 0.078
0.0 0.3789173789173789 0.736 0.05982905982905983 0.086
0.0 0.6381766381766382 0.654 0.06552706552706553 0.048
0.0 0.792022792022792 0.626 0.13105413105413105 0.074
0.0 0.5527065527065527 0.262 0.4017094017094017 0.324
0.0 0.603988603988604 0.68 0.1168091168091168 0.096
