0.0 0.609375 0.5093896713615024 0.0078125 0.051643192488262914
0.0 0.471875 0.5610328638497653 0.01875 0.11032863849765258
0.0 0.415625 0.5422535211267606 0.0265625 0.06103286384976526
0.0 0.5046875 0.539906103286385 0.03125 0.09389671361502347
0.0 0.9609375 0.4131455399061033 0.078125 0.12910798122065728
0.0 0.5859375 0.5117370892018779 0.0109375 0.07276995305164319
0.0 0.5359375 0.5211267605633803 0.0171875 0.07042253521126761
0.0 0.31875 0.5516431924882629 0.021875 0.06103286384976526
0.0 0.4359375 0.5610328638497653 0.0203125 0.10093896713615023
0.0 0.3546875 0.5727699530516432 0.0359375 0.07042253521126761
0.0 0.2609375 0.5727699530516432 0.046875 0.09154929577464789
0.0 0.40625 0.596244131455399 0.025 0.09624413145539906
0.0 0.340625 0.5586854460093896 0.0171875 0.07746478873239436
