0.0 0.8171875 0.8100686498855835 0.0125 0.034324942791762014
0.0 0.725 0.7620137299771167 0.0078125 0.013729977116704805
0.0 0.8640625 0.8032036613272311 0.015625 0.032036613272311214
0.0 0.8265625 0.8054919908466819 0.0140625 0.038901601830663615
0.0 0.1921875 0.8009153318077803 0.0203125 0.06178489702517163
0.0 0.925 0.8375286041189931 0.025 0.09153318077803203
0.0 0.871875 0.8237986270022883 0.0328125 0.06178489702517163
0.0 0.9140625 0.8077803203661327 0.0140625 0.036613272311212815
0.0 0.95 0.8146453089244852 0.0140625 0.05491990846681922
0.0 0.478125 0.8260869565217391 0.025 0.09153318077803203
0.0 0.896875 0.8032036613272311 0.028125 0.043478260869565216
0.0 0.38125 0.8123569794050344 0.034375 0.10755148741418764
0.0 0.96875 0.8306636155606407 0.021875 0.09610983981693363
0.0 0.209375 0.8009153318077803 0.021875 0.06407322654462243
