0.0 0.054 0.7365269461077845 0.014 0.03592814371257485
0.0 0.566 0.6646706586826348 0.022 0.059880239520958084
0.0 0.808 0.655688622754491 0.074 0.10179640718562874
0.0 0.628 0.6467065868263473 0.014 0.04491017964071856
0.0 0.974 0.6586826347305389 0.024 0.023952095808383235
0.0 0.68 0.625748502994012 0.042 0.19461077844311378
0.0 0.636 0.6706586826347305 0.012 0.038922155688622756
0.0 0.954 0.6706586826347305 0.03 0.08083832335329341
0.0 0.518 0.6856287425149701 0.006 0.014970059880239521
0.0 0.43 0.6916167664670658 0.018 0.04790419161676647
0.0 0.842 0.6317365269461078 0.084 0.12574850299401197
0.0 0.224 0.6047904191616766 0.01 0.03592814371257485
0.0 0.346 0.7095808383233533 0.168 0.0688622754491018
