0.0 0.4359375 0.6791569086651054 0.01875 0.0702576112412178
0.0 0.596875 0.8126463700234192 0.021875 0.11241217798594848
0.0 0.1828125 0.4918032786885246 0.0046875 0.01639344262295082
0.0 0.771875 0.8430913348946136 0.046875 0.2154566744730679
0.0 0.534375 0.7704918032786885 0.0359375 0.11475409836065574
0.0 0.609375 0.7189695550351288 0.021875 0.07728337236533958
0.0 0.5390625 0.6932084309133489 0.0328125 0.053864168618266976
0.0 0.7484375 0.810304449648712 0.025 0.16627634660421545
0.0 0.646875 0.7728337236533958 0.0375 0.1873536299765808
0.0 0.578125 0.7587822014051522 0.04375 0.15456674473067916
0.0 0.83125 0.8711943793911007 0.065625 0.2529274004683841
0.0 0.3296875 0.5737704918032787 0.0140625 0.0468384074941452
0.0 0.975 0.7728337236533958 0.05 0.11007025761124122
0.0 0.53125 0.7002341920374707 0.728125 0.4496487119437939
