0.0 0.96 0.686 0.07714285714285714 0.106
0.0 0.4657142857142857 0.926 0.19142857142857142 0.148
0.0 0.10285714285714286 0.718 0.02857142857142857 0.026
0.0 0.7342857142857143 0.778 0.06285714285714286 0.12
0.0 0.4828571428571429 0.866 0.02857142857142857 0.038
0.0 0.12571428571428572 0.746 0.03428571428571429 0.064
0.0 0.6542857142857142 0.864 0.07142857142857142 0.178
0.0 0.02 0.798 0.04 0.088
0.0 0.35428571428571426 0.872 0.06571428571428571 0.044
0.0 0.19428571428571428 0.968 0.07142857142857142 0.062
0.0 0.8942857142857142 0.706 0.07714285714285714 0.086
0.0 0.25142857142857145 0.984 0.08571428571428572 0.03
0.0 0.78 0.768 0.06 0.118
0.0 0.6171428571428571 0.546 0.7628571428571429 0.908
