0.0 0.48541666666666666 0.19375 0.03333333333333333 0.078125
0.0 0.55 0.1734375 0.01875 0.0609375
0.0 0.36875 0.1890625 0.04583333333333333 0.078125
0.0 0.3958333333333333 0.1921875 0.022916666666666665 0.065625
0.0 0.4166666666666667 0.1984375 0.03125 0.065625
0.0 0.052083333333333336 0.2765625 0.07916666666666666 0.15
0.0 0.5979166666666667 0.171875 0.014583333333333334 0.03125
0.0 0.7270833333333333 0.146875 0.0125 0.0265625
0.0 0.4270833333333333 0.1765625 0.014583333333333334 0.0390625
0.0 0.6333333333333333 0.14375 0.0125 0.015625
0.0 0.1 0.1765625 0.041666666666666664 0.03125
0.0 0.5729166666666666 0.1640625 0.014583333333333334 0.0421875
0.0 0.4625 0.1984375 0.025 0.065625
0.0 0.7166666666666667 0.1546875 0.15416666666666667 0.0578125
