0.0 0.24278846153846154 0.3078125 0.16826923076923078 0.2578125
0.0 0.15625 0.5 0.3125 1.0
0.0 0.4879807692307692 0.1875 0.3870192307692308 0.2671875
0.0 0.6875 0.528125 0.625 0.6671875
0.0 0.39903846153846156 0.3609375 0.25240384615384615 0.1296875
0.0 0.9519230769230769 0.140625 0.09375 0.2296875
0.0 0.27403846153846156 0.696875 0.4326923076923077 0.60625
0.0 0.7596153846153846 0.2140625 0.29086538461538464 0.375
0.0 0.4831730769230769 0.69375 0.27884615384615385 0.5953125
0.0 0.5 0.234375 0.29086538461538464 0.4015625
