0.0 0.114 0.7113095238095238 0.202 0.5476190476190477
0.0 0.908 0.9315476190476191 0.184 0.1130952380952381
0.0 0.802 0.49107142857142855 0.078 0.1636904761904762
0.0 0.676 0.6369047619047619 0.04 0.08333333333333333
0.0 0.78 0.6011904761904762 0.032 0.07738095238095238
0.0 0.814 0.5595238095238095 0.052 0.07738095238095238
0.0 0.584 0.7172619047619048 0.056 0.2708333333333333
0.0 0.396 0.6160714285714286 0.146 0.7351190476190477
0.0 0.868 0.5952380952380952 0.03 0.0625
0.0 0.96 0.5476190476190477 0.06 0.16071428571428573
0.0 0.804 0.7916666666666666 0.08 0.38095238095238093
0.0 0.722 0.7529761904761905 0.09 0.38392857142857145
0.0 0.436 0.7470238095238095 0.052 0.11607142857142858
0.0 0.558 0.6785714285714286 0.884 0.49107142857142855
