0.0 0.5640625 0.5831381733021077 0.1890625 0.297423887587822
0.0 0.11875 0.2107728337236534 0.0546875 0.13348946135831383
0.0 0.009375 0.2693208430913349 0.01875 0.1522248243559719
0.0 0.478125 0.5737704918032787 0.196875 0.2810304449648712
0.0 0.5625 0.3255269320843091 0.0953125 0.3231850117096019
0.0 0.4734375 0.3325526932084309 0.0890625 0.3442622950819672
0.0 0.2234375 0.17798594847775176 0.0640625 0.23185011709601874
0.0 0.15 0.36533957845433257 0.0828125 0.28337236533957844
0.0 0.0453125 0.26697892271662765 0.05 0.15456674473067916
0.0 0.3015625 0.2693208430913349 0.0484375 0.17330210772833723
