0.0 0.8078125 0.707196029776675 0.1015625 0.2456575682382134
0.0 0.1546875 0.6178660049627791 0.0390625 0.05707196029776675
0.0 0.9359375 0.7915632754342432 0.0640625 0.315136476426799
0.0 0.8640625 0.7419354838709677 0.1234375 0.29528535980148884
0.0 0.8859375 0.9230769230769231 0.1515625 0.14640198511166252
0.0 0.7578125 0.826302729528536 0.1078125 0.18362282878411912
0.0 0.44375 0.8461538461538461 0.2109375 0.28287841191067
0.0 0.6765625 0.7766749379652605 0.1078125 0.3424317617866005
0.0 0.2953125 0.8287841191066998 0.1609375 0.3176178660049628
0.0 0.7859375 0.6203473945409429 0.05625 0.0967741935483871
0.0 0.9546875 0.6898263027295285 0.065625 0.20843672456575682
0.0 0.11875 0.7642679900744417 0.234375 0.44168734491315137
0.0 0.7421875 0.9330024813895782 0.2234375 0.10669975186104218
