0.0 0.925 0.30098684210526316 0.0171875 0.029605263157894735
0.0 0.9546875 0.2944078947368421 0.0375 0.03289473684210526
0.0 0.940625 0.28289473684210525 0.0078125 0.024671052631578948
0.0 0.8515625 0.31085526315789475 0.0140625 0.04111842105263158
0.0 0.0625 0.3125 0.0171875 0.03453947368421053
0.0 0.1234375 0.27631578947368424 0.0046875 0.014802631578947368
0.0 0.8671875 0.2845394736842105 0.0140625 0.01644736842105263
0.0 0.0734375 0.3042763157894737 0.0140625 0.01644736842105263
0.0 0.9 0.27960526315789475 0.0328125 0.08388157894736842
0.0 0.0296875 0.2944078947368421 0.0125 0.02138157894736842
0.0 0.0859375 0.28125 0.0078125 0.01644736842105263
0.0 0.11875 0.3042763157894737 0.0125 0.02138157894736842
0.0 0.9390625 0.3305921052631579 0.0359375 0.0805921052631579
0.0 0.49375 0.2911184210526316 0.9875 0.054276315789473686
