0.0 0.3671875 0.5041666666666667 0.0140625 0.035416666666666666
0.0 0.3453125 0.50625 0.015625 0.0375
0.0 0.38125 0.5166666666666667 0.0109375 0.035416666666666666
0.0 0.53125 0.5854166666666667 0.06875 0.17291666666666666
0.0 0.646875 0.54375 0.01875 0.035416666666666666
0.0 0.6640625 0.5791666666666667 0.0359375 0.09375
0.0 0.6328125 0.5583333333333333 0.0234375 0.06875
0.0 0.3578125 0.5041666666666667 0.0125 0.027083333333333334
0.0 0.05625 0.5 0.0171875 0.041666666666666664
0.0 0.078125 0.5145833333333333 0.0375 0.08333333333333333
0.0 0.596875 0.5958333333333333 0.078125 0.1875
0.0 0.0359375 0.5083333333333333 0.0234375 0.06458333333333334
0.0 0.621875 0.5125 0.01875 0.03125
0.0 0.5875 0.525 0.15 0.06041666666666667
