0.0 0.6658878504672897 0.7390625 0.2383177570093458 0.234375
0.0 0.3574766355140187 0.6375 0.13317757009345793 0.0765625
0.0 0.5677570093457944 0.73125 0.16822429906542055 0.2265625
0.0 0.34345794392523366 0.6140625 0.06074766355140187 0.0640625
0.0 0.8177570093457944 0.759375 0.3014018691588785 0.1109375
0.0 0.6705607476635514 0.5609375 0.03271028037383177 0.0578125
0.0 0.3411214953271028 0.69375 0.18925233644859812 0.1734375
0.0 0.2523364485981308 0.6828125 0.1985981308411215 0.171875
0.0 0.7383177570093458 0.5484375 0.0397196261682243 0.0390625
0.0 0.5934579439252337 0.5609375 0.035046728971962614 0.0625
0.0 0.08177570093457943 0.6328125 0.08411214953271028 0.2578125
