0.0 0.553125 0.4895833333333333 0.040625 0.15416666666666667
0.0 0.3015625 0.475 0.0625 0.12083333333333333
0.0 0.7984375 0.6666666666666666 0.09375 0.14375
0.0 0.2703125 0.4625 0.025 0.09375
0.0 0.4953125 0.5395833333333333 0.071875 0.3104166666666667
0.0 0.65 0.78125 0.1546875 0.27291666666666664
0.0 0.390625 0.6541666666666667 0.1046875 0.23333333333333334
0.0 0.771875 0.6291666666666667 0.0578125 0.0875
0.0 0.8359375 0.75625 0.2078125 0.27708333333333335
0.0 0.9640625 0.45208333333333334 0.0328125 0.05
0.0 0.1515625 0.5229166666666667 0.0625 0.08958333333333333
0.0 0.640625 0.5375 0.065625 0.22291666666666668
0.0 0.3984375 0.4875 0.0859375 0.18958333333333333
0.0 0.515625 0.5979166666666667 0.8828125 0.42291666666666666
