0.0 0.553125 0.4395833333333333 0.128125 0.28125
0.0 0.246875 0.425 0.13125 0.2625
0.0 0.8953125 0.5520833333333334 0.2078125 0.3541666666666667
0.0 0.3734375 0.40625 0.1125 0.20208333333333334
0.0 0.153125 0.5020833333333333 0.1421875 0.40625
0.0 0.4765625 0.41458333333333336 0.109375 0.25416666666666665
0.0 0.265625 0.85625 0.5328125 0.26666666666666666
0.0 0.846875 0.49166666666666664 0.1578125 0.3958333333333333
0.0 0.234375 0.7604166666666666 0.4703125 0.4354166666666667
0.0 0.68125 0.4479166666666667 0.1890625 0.36875
