0.0 0.403125 0.43125 0.0234375 0.04375
0.0 0.7828125 0.46458333333333335 0.0328125 0.11041666666666666
0.0 0.534375 0.47291666666666665 0.0421875 0.14791666666666667
0.0 0.371875 0.4791666666666667 0.0421875 0.125
0.0 0.73125 0.43333333333333335 0.0390625 0.08541666666666667
0.0 0.2734375 0.5291666666666667 0.03125 0.07291666666666667
0.0 0.834375 0.4479166666666667 0.03125 0.10833333333333334
0.0 0.684375 0.45416666666666666 0.0328125 0.11666666666666667
0.0 0.4734375 0.46458333333333335 0.0375 0.11666666666666667
0.0 0.60625 0.44583333333333336 0.01875 0.075
0.0 0.653125 0.4375 0.0328125 0.09166666666666666
0.0 0.871875 0.45625 0.04375 0.11875
0.0 0.721875 0.5145833333333333 0.1046875 0.09791666666666667
0.0 0.5875 0.45625 0.8234375 0.7104166666666667
