0.0 0.1890625 0.32083333333333336 0.05 0.12916666666666668
0.0 0.984375 0.38125 0.0296875 0.20625
0.0 0.815625 0.38125 0.01875 0.19583333333333333
0.0 0.959375 0.3541666666666667 0.0625 0.26875
0.0 0.309375 0.7541666666666667 0.25 0.4895833333333333
0.0 0.1109375 0.4125 0.1046875 0.41458333333333336
0.0 0.0859375 0.25625 0.0234375 0.04791666666666667
0.0 0.5515625 0.29375 0.0640625 0.14166666666666666
0.0 0.8234375 0.31875 0.0296875 0.12083333333333333
0.0 0.6359375 0.5708333333333333 0.2546875 0.6916666666666667
