0.0 0.884375 0.1756440281030445 0.1828125 0.351288056206089
0.0 0.0703125 0.6159250585480094 0.1421875 0.7587822014051522
0.0 0.134375 0.3793911007025761 0.1828125 0.45433255269320844
0.0 0.1359375 0.18032786885245902 0.2140625 0.3395784543325527
0.0 0.234375 0.08430913348946135 0.153125 0.1686182669789227
0.0 0.78125 0.5925058548009368 0.41875 0.7822014051522248
0.0 0.6765625 0.14988290398126464 0.2109375 0.297423887587822
0.0 0.3765625 0.6042154566744731 0.4796875 0.7798594847775175
0.0 0.5 0.21779859484777517 0.234375 0.4238875878220141
0.0 0.334375 0.26697892271662765 0.1359375 0.4098360655737705
0.0 0.8828125 0.5667447306791569 0.234375 0.7704918032786885
