0.0 0.034375 0.633177570093458 0.0375 0.08411214953271028
0.0 0.3828125 0.514018691588785 0.0046875 0.04205607476635514
0.0 0.3390625 0.4649532710280374 0.01875 0.0514018691588785
0.0 0.14375 0.6004672897196262 0.0703125 0.3691588785046729
0.0 0.540625 0.5841121495327103 0.015625 0.15186915887850466
0.0 0.934375 0.2897196261682243 0.0796875 0.05841121495327103
0.0 0.64375 0.4252336448598131 0.046875 0.17757009345794392
0.0 0.403125 0.4719626168224299 0.00625 0.02336448598130841
0.0 0.178125 0.6121495327102804 0.0234375 0.1705607476635514
0.0 0.7671875 0.40654205607476634 0.021875 0.1939252336448598
0.0 0.9609375 0.4322429906542056 0.0359375 0.12149532710280374
