0.0 0.4375 0.2980132450331126 0.0953125 0.2097130242825607
0.0 0.1359375 0.3090507726269316 0.1203125 0.17660044150110377
0.0 0.578125 0.304635761589404 0.0546875 0.18543046357615894
0.0 0.3796875 0.2891832229580574 0.059375 0.1280353200883002
0.0 0.30625 0.31346578366445915 0.075 0.22075055187637968
0.0 0.2265625 0.304635761589404 0.0859375 0.1390728476821192
0.0 0.1640625 0.6247240618101545 0.328125 0.5849889624724062
0.0 0.8171875 0.34216335540838855 0.0765625 0.2097130242825607
0.0 0.0703125 0.4194260485651214 0.103125 0.1390728476821192
0.0 0.6640625 0.5607064017660044 0.3765625 0.847682119205298
0.0 0.9140625 0.3576158940397351 0.0875 0.3200883002207506
0.0 0.3546875 0.2737306843267108 0.0359375 0.11037527593818984
0.0 0.4453125 0.47019867549668876 0.103125 0.45916114790286977
0.0 0.60625 0.31788079470198677 0.7859375 0.26048565121412803
