0.0 0.10772833723653395 0.746875 0.0117096018735363 0.01875
0.0 0.41451990632318503 0.7484375 0.01405152224824356 0.0171875
0.0 0.550351288056206 0.753125 0.00936768149882904 0.0109375
0.0 0.7775175644028103 0.7859375 0.06088992974238876 0.0453125
0.0 0.1405152224824356 0.771875 0.04449648711943794 0.0359375
0.0 0.0702576112412178 0.753125 0.01405152224824356 0.0125
0.0 0.7892271662763466 0.7453125 0.01873536299765808 0.0203125
0.0 0.08196721311475409 0.7453125 0.0117096018735363 0.0203125
0.0 0.07728337236533958 0.7515625 0.00702576112412178 0.003125
0.0 0.08899297423887588 0.746875 0.00702576112412178 0.01875
0.0 0.03044496487119438 0.746875 0.01639344262295082 0.01875
