0.0 0.6703125 0.7166666666666667 0.04375 0.21388888888888888
0.0 0.903125 0.6388888888888888 0.021875 0.05
0.0 0.878125 0.6166666666666667 0.015625 0.030555555555555555
0.0 0.60625 0.6416666666666667 0.0046875 0.025
0.0 0.6 0.6416666666666667 0.0078125 0.03611111111111111
0.0 0.628125 0.6416666666666667 0.0078125 0.03333333333333333
0.0 0.6359375 0.6416666666666667 0.009375 0.030555555555555555
0.0 0.8140625 0.7 0.0578125 0.16666666666666666
0.0 0.76875 0.6722222222222223 0.034375 0.14722222222222223
0.0 0.6125 0.6416666666666667 0.009375 0.03333333333333333
0.0 0.8796875 0.6833333333333333 0.0234375 0.10833333333333334
0.0 0.9390625 0.65 0.0265625 0.09444444444444444
