0.0 0.909375 0.60625 0.04375 0.12708333333333333
0.0 0.1828125 0.6770833333333334 0.0828125 0.27708333333333335
0.0 0.753125 0.5916666666666667 0.01875 0.09375
0.0 0.678125 0.6770833333333334 0.0578125 0.24375
0.0 0.7984375 0.6541666666666667 0.0703125 0.2375
0.0 0.215625 0.6458333333333334 0.0375 0.18958333333333333
0.0 0.3875 0.6395833333333333 0.0640625 0.21666666666666667
0.0 0.3328125 0.5791666666666667 0.0171875 0.058333333333333334
0.0 0.278125 0.6083333333333333 0.0265625 0.10416666666666667
0.0 0.9734375 0.625 0.0390625 0.15416666666666667
0.0 0.065625 0.7479166666666667 0.13125 0.46875
0.0 0.25 0.6104166666666667 0.0203125 0.10208333333333333
0.0 0.734375 0.5979166666666667 0.03125 0.09166666666666666
0.0 0.471875 0.40208333333333335 0.9421875 0.7895833333333333
