0.0 0.514 0.5435435435435435 0.02 0.03903903903903904
0.0 0.742 0.5975975975975976 0.078 0.2042042042042042
0.0 0.366 0.5345345345345346 0.01 0.024024024024024024
0.0 0.656 0.6156156156156156 0.096 0.26126126126126126
0.0 0.568 0.5795795795795796 0.024 0.10810810810810811
0.0 0.416 0.6246246246246246 0.1 0.29429429429429427
0.0 0.24 0.6336336336336337 0.102 0.3003003003003003
0.0 0.592 0.6216216216216216 0.064 0.25825825825825827
0.0 0.976 0.6066066066066066 0.048 0.23723723723723725
0.0 0.05 0.6846846846846847 0.1 0.35735735735735735
