0.0 0.5390625 0.5081967213114754 0.0484375 0.13114754098360656
0.0 0.28125 0.5784543325526932 0.0890625 0.2927400468384075
0.0 0.09375 0.5620608899297423 0.065625 0.28337236533957844
0.0 0.4921875 0.5269320843091335 0.046875 0.23653395784543327
0.0 0.1453125 0.5433255269320844 0.0359375 0.10304449648711944
0.0 0.79375 0.28337236533957844 0.0546875 0.1053864168618267
0.0 0.209375 0.5386416861826698 0.0203125 0.10070257611241218
0.0 0.63125 0.297423887587822 0.0421875 0.07259953161592506
0.0 0.2484375 0.5831381733021077 0.0921875 0.2997658079625293
0.0 0.9703125 0.4637002341920375 0.03125 0.11943793911007025
0.0 0.89375 0.45901639344262296 0.046875 0.117096018735363
0.0 0.9296875 0.5011709601873536 0.04375 0.05620608899297424
0.0 0.56875 0.37236533957845436 0.0203125 0.0585480093676815
0.0 0.471875 0.5175644028103045 0.9421875 0.21779859484777517
