0.0 0.2359375 0.42488262910798125 0.0328125 0.056338028169014086
0.0 0.875 0.45774647887323944 0.0359375 0.03051643192488263
0.0 0.1609375 0.4131455399061033 0.025 0.0539906103286385
0.0 0.6 0.43427230046948356 0.0390625 0.09624413145539906
0.0 0.725 0.3967136150234742 0.0234375 0.028169014084507043
0.0 0.6703125 0.43896713615023475 0.01875 0.03755868544600939
0.0 0.4125 0.4295774647887324 0.0140625 0.06103286384976526
0.0 0.2859375 0.41784037558685444 0.0390625 0.0539906103286385
0.0 0.86875 0.38497652582159625 0.0234375 0.03286384976525822
0.0 0.7875 0.44835680751173707 0.0265625 0.04929577464788732
0.0 0.3296875 0.39436619718309857 0.015625 0.03990610328638498
0.0 0.2484375 0.39906103286384975 0.0140625 0.02112676056338028
0.0 0.0515625 0.47183098591549294 0.0265625 0.046948356807511735
0.0 0.2390625 0.4061032863849765 0.4046875 0.028169014084507043
