0.0 0.546875 0.37916666666666665 0.1234375 0.55625
0.0 0.93125 0.1625 0.0171875 0.035416666666666666
0.0 0.903125 0.16458333333333333 0.009375 0.05
0.0 0.9125 0.16458333333333333 0.009375 0.04375
0.0 0.9453125 0.15833333333333333 0.0109375 0.0125
0.0 0.8390625 0.15416666666666667 0.0125 0.03125
0.0 0.8890625 0.16875 0.0140625 0.058333333333333334
0.0 0.984375 0.17083333333333334 0.0109375 0.05
0.0 0.865625 0.14583333333333334 0.0109375 0.01875
0.0 0.9828125 0.41875 0.03125 0.4666666666666667
0.0 0.8515625 0.15 0.0140625 0.027083333333333334
0.0 0.271875 0.55625 0.4140625 0.8625
0.0 0.871875 0.15625 0.0078125 0.020833333333333332
0.0 0.8984375 0.13541666666666666 0.0546875 0.06458333333333334
