0.0 0.734375 0.5058823529411764 0.2984375 0.6988235294117647
0.0 0.0109375 0.4823529411764706 0.0234375 0.37176470588235294
0.0 0.2671875 0.37176470588235294 0.06875 0.3905882352941176
0.0 0.925 0.4964705882352941 0.15 0.8823529411764706
0.0 0.2921875 0.3623529411764706 0.09375 0.4023529411764706
0.0 0.559375 0.36705882352941177 0.1609375 0.6023529411764705
0.0 0.0796875 0.26823529411764707 0.1328125 0.2564705882352941
0.0 0.0671875 0.37411764705882355 0.1359375 0.32
0.0 0.2078125 0.5529411764705883 0.3015625 0.8494117647058823
0.0 0.459375 0.44 0.153125 0.39294117647058824
