0.0 0.1125 0.32158590308370044 0.0453125 0.05947136563876652
0.0 0.23125 0.33480176211453744 0.040625 0.07929515418502203
0.0 0.75 0.28193832599118945 0.0515625 0.06607929515418502
0.0 0.65 0.4911894273127753 0.0796875 0.17400881057268722
0.0 0.7390625 0.2356828193832599 0.05625 0.06167400881057269
0.0 0.209375 0.3964757709251101 0.05 0.12555066079295155
0.0 0.3015625 0.31497797356828194 0.0546875 0.16299559471365638
0.0 0.1671875 0.3744493392070485 0.040625 0.07268722466960352
0.0 0.603125 0.5242290748898678 0.071875 0.11674008810572688
0.0 0.5515625 0.4889867841409692 0.109375 0.21585903083700442
0.0 0.4359375 0.6806167400881057 0.1484375 0.2643171806167401
0.0 0.090625 0.41409691629955947 0.034375 0.07488986784140969
0.0 0.471875 0.43171806167400884 0.0328125 0.04405286343612335
0.0 0.5 0.24008810572687225 1.0 0.48237885462555063
