0.0 0.038 0.41033434650455924 0.034 0.2006079027355623
0.0 0.24 0.43465045592705165 0.056 0.1458966565349544
0.0 0.072 0.4194528875379939 0.03 0.1762917933130699
0.0 0.332 0.3981762917933131 0.03 0.14285714285714285
0.0 0.616 0.39209726443769 0.048 0.182370820668693
0.0 0.69 0.364741641337386 0.032 0.11550151975683891
0.0 0.674 0.4012158054711246 0.044 0.17933130699088146
0.0 0.384 0.40425531914893614 0.038 0.16109422492401215
0.0 0.118 0.41641337386018235 0.038 0.19756838905775076
0.0 0.806 0.6231003039513677 0.334 0.7264437689969605
0.0 0.762 0.3890577507598784 0.04 0.14285714285714285
0.0 0.746 0.2887537993920973 0.014 0.0486322188449848
0.0 0.964 0.40425531914893614 0.042 0.1884498480243161
