0.0 0.45625 0.19014084507042253 0.021875 0.07042253521126761
0.0 0.159375 0.11737089201877934 0.0140625 0.04460093896713615
0.0 0.428125 0.2793427230046948 0.0421875 0.08215962441314555
0.0 0.7375 0.24413145539906103 0.021875 0.08450704225352113
0.0 0.4390625 0.176056338028169 0.0171875 0.051643192488262914
0.0 0.8203125 0.4835680751173709 0.078125 0.21830985915492956
0.0 0.203125 0.431924882629108 0.090625 0.24413145539906103
0.0 0.496875 0.4835680751173709 0.071875 0.2136150234741784
0.0 0.884375 0.22300469483568075 0.0328125 0.06103286384976526
0.0 0.3078125 0.14788732394366197 0.01875 0.0539906103286385
0.0 0.7171875 0.1572769953051643 0.028125 0.04929577464788732
0.0 0.8078125 0.36384976525821594 0.0453125 0.107981220657277
0.0 0.3875 0.34507042253521125 0.034375 0.11737089201877934
0.0 0.5078125 0.18544600938967137 0.9828125 0.3732394366197183
