0.0 0.95625 0.5011709601873536 0.0875 0.477751756440281
0.0 0.65 0.6065573770491803 0.3171875 0.5480093676814989
0.0 0.4609375 0.4918032786885246 0.09375 0.477751756440281
0.0 0.0890625 0.5971896955503513 0.1796875 0.550351288056206
0.0 0.9 0.5761124121779859 0.1015625 0.32084309133489464
0.0 0.746875 0.5245901639344263 0.0984375 0.4519906323185012
0.0 0.3953125 0.5807962529274004 0.11875 0.33489461358313816
0.0 0.7078125 0.44730679156908665 0.04375 0.2903981264637002
0.0 0.609375 0.3325526932084309 0.046875 0.11007025761124122
0.0 0.55 0.3793911007025761 0.0953125 0.18969555035128804
0.0 0.371875 0.3840749414519906 0.0890625 0.24824355971896955
0.0 0.23125 0.6861826697892272 0.26875 0.3840749414519906
0.0 0.528125 0.5784543325526932 0.1078125 0.32786885245901637
0.0 0.390625 0.5035128805620609 0.603125 0.4894613583138173
