0.0 0.509375 0.19375 0.090625 0.18125
0.0 0.1453125 0.20833333333333334 0.13125 0.17291666666666666
0.0 0.68125 0.5854166666666667 0.253125 0.7875
0.0 0.4515625 0.7666666666666667 0.1984375 0.4666666666666667
0.0 0.6984375 0.12083333333333333 0.06875 0.14791666666666667
0.0 0.328125 0.225 0.1234375 0.3229166666666667
0.0 0.3953125 0.28125 0.1390625 0.30833333333333335
0.0 0.734375 0.20833333333333334 0.1109375 0.24791666666666667
0.0 0.209375 0.7541666666666667 0.178125 0.4895833333333333
0.0 0.0625 0.24375 0.090625 0.35
0.0 0.2390625 0.3645833333333333 0.1078125 0.39375
0.0 0.146875 0.59375 0.1671875 0.7875
0.0 0.4296875 0.38125 0.1875 0.39791666666666664
0.0 0.9078125 0.35208333333333336 0.1828125 0.5958333333333333
