0.0 0.41458333333333336 0.55625 0.8270833333333333 0.865625
0.0 0.7416666666666667 0.615625 0.04583333333333333 0.175
0.0 0.7770833333333333 0.6171875 0.052083333333333336 0.18125
0.0 0.6333333333333333 0.6109375 0.07291666666666667 0.1875
0.0 0.7145833333333333 0.5578125 0.03333333333333333 0.0296875
0.0 0.8166666666666667 0.546875 0.04375 0.0578125
0.0 0.8958333333333334 0.6625 0.20833333333333334 0.3484375
0.0 0.6604166666666667 0.6109375 0.05625 0.1875
0.0 0.91875 0.5265625 0.1625 0.2671875
0.0 0.7125 0.625 0.03333333333333333 0.1140625
