0.0 0.509375 0.091796875 0.1265625 0.177734375
0.0 0.65625 0.076171875 0.1453125 0.150390625
0.0 0.0453125 0.2265625 0.0921875 0.40234375
0.0 0.6484375 0.111328125 0.078125 0.146484375
0.0 0.6734375 0.234375 0.146875 0.20703125
0.0 0.540625 0.259765625 0.1140625 0.150390625
0.0 0.0296875 0.240234375 0.0609375 0.265625
0.0 0.921875 0.205078125 0.1375 0.177734375
0.0 0.734375 0.361328125 0.2203125 0.333984375
0.0 0.440625 0.19140625 0.128125 0.193359375
0.0 0.825 0.71484375 0.35 0.458984375
0.0 0.228125 0.55078125 0.434375 0.75390625
0.0 0.5703125 0.1953125 0.0796875 0.1796875
0.0 0.515625 0.3046875 0.9671875 0.609375
