0.0 0.3349673202614379 0.6748366013071896 0.184640522875817 0.5702614379084967
0.0 0.6699346405228758 0.32516339869281047 0.24183006535947713 0.3300653594771242
0.0 0.3415032679738562 0.4362745098039216 0.15359477124183007 0.19607843137254902
0.0 0.1503267973856209 0.6584967320261438 0.19117647058823528 0.6339869281045751
0.0 0.2222222222222222 0.49836601307189543 0.2761437908496732 0.8137254901960784
0.0 0.47875816993464054 0.6683006535947712 0.14052287581699346 0.5490196078431373
0.0 0.7107843137254902 0.630718954248366 0.1568627450980392 0.5588235294117647
0.0 0.545751633986928 0.41830065359477125 0.08496732026143791 0.184640522875817
0.0 0.6062091503267973 0.6633986928104575 0.14052287581699346 0.5408496732026143
0.0 0.8643790849673203 0.6372549019607843 0.22549019607843138 0.5473856209150327
