0.0 0.634375 0.6791666666666667 0.1734375 0.61875
0.0 0.0125 0.46041666666666664 0.0265625 0.11875
0.0 0.2171875 0.6166666666666667 0.11875 0.5416666666666666
0.0 0.146875 0.5229166666666667 0.0515625 0.22916666666666666
0.0 0.0296875 0.6395833333333333 0.059375 0.25833333333333336
0.0 0.03125 0.46041666666666664 0.0421875 0.11666666666666667
0.0 0.0625 0.4666666666666667 0.0453125 0.11666666666666667
0.0 0.70625 0.44375 0.028125 0.06458333333333334
0.0 0.4640625 0.575 0.2296875 0.8208333333333333
0.0 0.9875 0.65 0.0234375 0.41875
