0.0 0.465625 0.30504587155963303 0.0828125 0.13990825688073394
0.0 0.2 0.37155963302752293 0.146875 0.3853211009174312
0.0 0.634375 0.2981651376146789 0.078125 0.15137614678899083
0.0 0.240625 0.26605504587155965 0.05625 0.11926605504587157
0.0 0.2984375 0.29357798165137616 0.0625 0.1536697247706422
0.0 0.784375 0.48394495412844035 0.0765625 0.2958715596330275
0.0 0.5453125 0.3119266055045872 0.090625 0.21559633027522937
0.0 0.071875 0.27293577981651373 0.071875 0.13990825688073394
0.0 0.3796875 0.33715596330275227 0.05625 0.14678899082568808
0.0 0.0515625 0.32339449541284404 0.1046875 0.1651376146788991
0.0 0.834375 0.3555045871559633 0.0734375 0.16972477064220184
0.0 0.04375 0.5045871559633027 0.08125 0.3165137614678899
0.0 0.71875 0.3073394495412844 0.0984375 0.17660550458715596
0.0 0.5 0.44495412844036697 0.9984375 0.5642201834862385
