0.0 0.712 0.6686746987951807 0.292 0.4186746987951807
0.0 0.468 0.12048192771084337 0.09 0.24096385542168675
0.0 0.894 0.5963855421686747 0.212 0.6204819277108434
0.0 0.532 0.12650602409638553 0.118 0.25301204819277107
0.0 0.574 0.06626506024096386 0.078 0.1355421686746988
0.0 0.676 0.1355421686746988 0.134 0.26506024096385544
0.0 0.798 0.13855421686746988 0.136 0.28012048192771083
0.0 0.308 0.5753012048192772 0.296 0.7349397590361446
0.0 0.25 0.1144578313253012 0.068 0.20180722891566266
0.0 0.918 0.1566265060240964 0.122 0.31626506024096385
