0.0 0.3404255319148936 0.078125 0.14893617021276595 0.15625
0.0 0.7203647416413373 0.0734375 0.2006079027355623 0.115625
0.0 0.2857142857142857 0.325 0.0972644376899696 0.1109375
0.0 0.46808510638297873 0.0515625 0.1276595744680851 0.090625
0.0 0.8571428571428571 0.3203125 0.0851063829787234 0.075
0.0 0.11246200607902736 0.15 0.22492401215805471 0.11875
0.0 0.6930091185410334 0.2375 0.12462006079027356 0.1
0.0 0.1884498480243161 0.3296875 0.1762917933130699 0.0953125
0.0 0.5683890577507599 0.465625 0.5197568389057751 0.678125
0.0 0.0486322188449848 0.33125 0.10030395136778116 0.096875
0.0 0.7537993920972644 0.3578125 0.15501519756838905 0.1109375
0.0 0.5714285714285714 0.0453125 0.1519756838905775 0.0890625
0.0 0.9422492401215805 0.359375 0.11246200607902736 0.10625
0.0 0.8267477203647416 0.2265625 0.3434650455927052 0.2984375
