0.0 0.5703125 0.18541666666666667 0.040625 0.08125
0.0 0.39375 0.15625 0.0359375 0.04791666666666667
0.0 0.2734375 0.13125 0.071875 0.17083333333333334
0.0 0.15625 0.25 0.0609375 0.24166666666666667
0.0 0.3 0.16875 0.03125 0.08541666666666667
0.0 0.6015625 0.175 0.040625 0.09166666666666666
0.0 0.340625 0.15625 0.0515625 0.10625
0.0 0.79375 0.2791666666666667 0.0296875 0.11041666666666666
0.0 0.1109375 0.26875 0.0703125 0.24375
0.0 0.2171875 0.10416666666666667 0.05625 0.16875
0.0 0.40625 0.2 0.053125 0.08541666666666667
0.0 0.6296875 0.2520833333333333 0.046875 0.17708333333333334
0.0 0.059375 0.15 0.05 0.15625
0.0 0.5 0.37083333333333335 1.0 0.7416666666666667
