0.0 0.1734375 0.50625 0.0234375 0.0625
0.0 0.3390625 0.5229166666666667 0.025 0.09583333333333334
0.0 0.2234375 0.50625 0.015625 0.06666666666666667
0.0 0.3890625 0.49166666666666664 0.0203125 0.04583333333333333
0.0 0.73125 0.5479166666666667 0.021875 0.12916666666666668
0.0 0.93125 0.5375 0.0328125 0.1125
0.0 0.7171875 0.49583333333333335 0.0140625 0.03958333333333333
0.0 0.8 0.5145833333333333 0.015625 0.07708333333333334
0.0 0.8125 0.5770833333333333 0.065625 0.21041666666666667
0.0 0.31875 0.5145833333333333 0.0328125 0.10208333333333333
0.0 0.76875 0.55625 0.040625 0.16666666666666666
0.0 0.8765625 0.5291666666666667 0.0328125 0.10208333333333333
0.0 0.6890625 0.58125 0.065625 0.225
0.0 0.5359375 0.5458333333333333 0.9265625 0.15416666666666667
