0.0 0.8826291079812206 0.7515625 0.16901408450704225 0.3203125
0.0 0.5563380281690141 0.7703125 0.22769953051643194 0.2453125
0.0 0.18309859154929578 0.6578125 0.023474178403755867 0.034375
0.0 0.528169014084507 0.64375 0.023474178403755867 0.0203125
0.0 0.10328638497652583 0.6546875 0.02112676056338028 0.034375
0.0 0.28169014084507044 0.6359375 0.01643192488262911 0.0125
0.0 0.2136150234741784 0.6546875 0.02112676056338028 0.040625
0.0 0.3286384976525822 0.6359375 0.02112676056338028 0.015625
0.0 0.42488262910798125 0.71875 0.09859154929577464 0.159375
0.0 0.13849765258215962 0.6546875 0.03755868544600939 0.0546875
0.0 0.2535211267605634 0.66875 0.06338028169014084 0.04375
0.0 0.2605633802816901 0.6375 0.02112676056338028 0.0140625
0.0 0.23943661971830985 0.6359375 0.02112676056338028 0.021875
0.0 0.5539906103286385 0.65 0.8075117370892019 0.06875
