0.0 0.3171875 0.6721311475409836 0.05625 0.2459016393442623
0.0 0.7875 0.5690866510538641 0.046875 0.06088992974238876
0.0 0.384375 0.550351288056206 0.028125 0.06791569086651054
0.0 0.503125 0.5644028103044496 0.021875 0.07259953161592506
0.0 0.3609375 0.6697892271662763 0.0328125 0.2388758782201405
0.0 0.13125 0.65807962529274 0.040625 0.24824355971896955
0.0 0.2296875 0.6814988290398126 0.0484375 0.28337236533957844
0.0 0.5671875 0.6627634660421545 0.040625 0.25995316159250587
0.0 0.4859375 0.6768149882903981 0.053125 0.2529274004683841
0.0 0.3984375 0.667447306791569 0.046875 0.2529274004683841
0.0 0.1609375 0.6697892271662763 0.040625 0.24121779859484777
0.0 0.528125 0.6768149882903981 0.0453125 0.2459016393442623
0.0 0.4375 0.6697892271662763 0.0390625 0.2388758782201405
0.0 0.4453125 0.5714285714285714 0.2203125 0.09133489461358314
