0.0 0.5546875 0.10070257611241218 0.1078125 0.1990632318501171
0.0 0.0609375 0.49882903981264637 0.121875 0.405152224824356
0.0 0.8140625 0.5597189695550351 0.059375 0.15456674473067916
0.0 0.48125 0.07728337236533958 0.0875 0.1522248243559719
0.0 0.93125 0.6042154566744731 0.05625 0.24121779859484777
0.0 0.1328125 0.4918032786885246 0.10625 0.42857142857142855
0.0 0.415625 0.14754098360655737 0.0875 0.10304449648711944
0.0 0.503125 0.4707259953161593 0.128125 0.46604215456674475
0.0 0.7046875 0.5362997658079626 0.3328125 0.8173302107728337
0.0 0.7453125 0.594847775175644 0.08125 0.2529274004683841
0.0 0.6984375 0.13348946135831383 0.08125 0.13817330210772832
0.0 0.2296875 0.5011709601873536 0.1171875 0.4028103044496487
0.0 0.84375 0.5878220140515222 0.15625 0.27634660421545665
0.0 0.5 0.39344262295081966 0.9984375 0.7868852459016393
