0.0 0.4625 0.5341176470588235 0.0140625 0.05176470588235294
0.0 0.2453125 0.5670588235294117 0.015625 0.1011764705882353
0.0 0.9328125 0.4470588235294118 0.0671875 0.08941176470588236
0.0 0.096875 0.5882352941176471 0.0265625 0.1411764705882353
0.0 0.4765625 0.8305882352941176 0.2125 0.3129411764705882
0.0 0.7 0.6541176470588236 0.0640625 0.4682352941176471
0.0 0.7703125 0.6847058823529412 0.1203125 0.49411764705882355
0.0 0.5125 0.5341176470588235 0.0234375 0.08235294117647059
0.0 0.0609375 0.6047058823529412 0.03125 0.17411764705882352
0.0 0.165625 0.6070588235294118 0.046875 0.09411764705882353
0.0 0.078125 0.6 0.0265625 0.15058823529411763
0.0 0.2015625 0.5788235294117647 0.028125 0.10823529411764705
0.0 0.753125 0.6870588235294117 0.078125 0.49176470588235294
0.0 0.5015625 0.691764705882353 0.9953125 0.6164705882352941
