0.0 0.046875 0.5478547854785478 0.0453125 0.24092409240924093
0.0 0.8734375 0.5016501650165016 0.1265625 0.42574257425742573
0.0 0.6203125 0.3927392739273927 0.025 0.15841584158415842
0.0 0.328125 0.5742574257425742 0.0828125 0.37293729372937295
0.0 0.6921875 0.37293729372937295 0.0296875 0.15841584158415842
0.0 0.8203125 0.49504950495049505 0.1015625 0.38613861386138615
0.0 0.3796875 0.528052805280528 0.0359375 0.18151815181518152
0.0 0.665625 0.37623762376237624 0.03125 0.16501650165016502
0.0 0.1515625 0.5973597359735974 0.1109375 0.33003300330033003
0.0 0.5984375 0.5445544554455446 0.165625 0.40594059405940597
0.0 0.575 0.3465346534653465 0.028125 0.056105610561056105
0.0 0.2765625 0.4884488448844885 0.015625 0.04950495049504951
0.0 0.3359375 0.41254125412541254 0.0296875 0.0627062706270627
0.0 0.46875 0.4389438943894389 0.73125 0.2838283828382838
