0.0 0.824 0.5462686567164179 0.026 0.13432835820895522
0.0 0.914 0.5582089552238806 0.034 0.16417910447761194
0.0 0.744 0.6238805970149254 0.046 0.25970149253731345
0.0 0.946 0.5582089552238806 0.022 0.14626865671641792
0.0 0.37 0.5253731343283582 0.036 0.14328358208955225
0.0 0.652 0.6149253731343284 0.068 0.24477611940298508
0.0 0.672 0.5164179104477612 0.02 0.07462686567164178
0.0 0.706 0.5313432835820896 0.024 0.08955223880597014
0.0 0.194 0.5791044776119403 0.092 0.25671641791044775
0.0 0.324 0.5402985074626866 0.032 0.19402985074626866
0.0 0.864 0.5522388059701493 0.02 0.11641791044776119
0.0 0.972 0.5791044776119403 0.024 0.12835820895522387
0.0 0.348 0.591044776119403 0.06 0.24776119402985075
0.0 0.61 0.5462686567164179 0.484 0.21492537313432836
