0.0 0.4328125 0.37083333333333335 0.0859375 0.3541666666666667
0.0 0.375 0.6604166666666667 0.15625 0.4270833333333333
0.0 0.621875 0.2625 0.2140625 0.4583333333333333
0.0 0.94375 0.9541666666666667 0.1078125 0.09166666666666666
0.0 0.390625 0.2520833333333333 0.053125 0.12291666666666666
0.0 0.4875 0.60625 0.14375 0.31666666666666665
0.0 0.378125 0.44166666666666665 0.1171875 0.20833333333333334
0.0 0.35 0.26666666666666666 0.0671875 0.09375
0.0 0.4953125 0.4083333333333333 0.1359375 0.425
0.0 0.609375 0.6333333333333333 0.1578125 0.4375
