0.0 0.2765625 0.28125 0.028125 0.06041666666666667
0.0 0.40625 0.2875 0.034375 0.08125
0.0 0.8421875 0.23541666666666666 0.0203125 0.07291666666666667
0.0 0.371875 0.28541666666666665 0.0328125 0.09375
0.0 0.85625 0.23125 0.0140625 0.07708333333333334
0.0 0.690625 0.25625 0.0328125 0.09583333333333334
0.0 0.303125 0.31666666666666665 0.059375 0.10833333333333334
0.0 0.79375 0.23958333333333334 0.025 0.06666666666666667
0.0 0.046875 0.4791666666666667 0.09375 0.4166666666666667
0.0 0.703125 0.3958333333333333 0.071875 0.24583333333333332
0.0 0.3 0.5854166666666667 0.2734375 0.7208333333333333
0.0 0.8828125 0.24166666666666667 0.01875 0.07291666666666667
0.0 0.4296875 0.29375 0.0578125 0.075
0.0 0.55 0.5645833333333333 0.9 0.675
