0.0 0.65 0.4262295081967213 0.0328125 0.04215456674473068
0.0 0.075 0.41217798594847777 0.0515625 0.0702576112412178
0.0 0.7515625 0.3911007025761124 0.0265625 0.11241217798594848
0.0 0.596875 0.36065573770491804 0.025 0.09133489461358314
0.0 0.728125 0.38875878220140514 0.025 0.07259953161592506
0.0 0.65625 0.39344262295081966 0.034375 0.10772833723653395
0.0 0.5546875 0.3770491803278688 0.0453125 0.10304449648711944
0.0 0.5828125 0.3840749414519906 0.0375 0.11475409836065574
0.0 0.55625 0.4215456674473068 0.05 0.04918032786885246
0.0 0.6875 0.3700234192037471 0.0359375 0.0585480093676815
0.0 0.1953125 0.41217798594847777 0.0515625 0.06791569086651054
0.0 0.625 0.3864168618266979 0.040625 0.08665105386416862
0.0 0.3140625 0.37236533957845436 0.0390625 0.0936768149882904
0.0 0.5 0.5573770491803278 1.0 0.711943793911007
