0.0 0.71875 0.6774193548387096 0.0046875 0.02729528535980149
0.0 0.5859375 0.684863523573201 0.0109375 0.03970223325062035
0.0 0.6578125 0.6774193548387096 0.0078125 0.02729528535980149
0.0 0.775 0.684863523573201 0.0078125 0.017369727047146403
0.0 0.7390625 0.6774193548387096 0.0046875 0.009925558312655087
0.0 0.6734375 0.6823821339950372 0.0109375 0.017369727047146403
0.0 0.596875 0.6774193548387096 0.0078125 0.034739454094292806
0.0 0.6125 0.6799007444168734 0.0046875 0.017369727047146403
0.0 0.603125 0.6799007444168734 0.0078125 0.03970223325062035
0.0 0.59375 0.6823821339950372 0.00625 0.034739454094292806
0.0 0.7234375 0.6774193548387096 0.0046875 0.02729528535980149
0.0 0.65 0.6799007444168734 0.0078125 0.02481389578163772
0.0 0.7859375 0.684863523573201 0.009375 0.01240694789081886
0.0 0.8234375 0.6997518610421837 0.2046875 0.07444168734491315
