0.0 0.51875 0.7541666666666667 0.0890625 0.4354166666666667
0.0 0.3734375 0.6541666666666667 0.0296875 0.16666666666666666
0.0 0.1640625 0.6833333333333333 0.10625 0.42916666666666664
0.0 0.4 0.6645833333333333 0.05625 0.17291666666666666
0.0 0.01875 0.6541666666666667 0.0390625 0.28541666666666665
0.0 0.315625 0.6395833333333333 0.0703125 0.18125
0.0 0.48125 0.71875 0.071875 0.38125
0.0 0.5671875 0.6625 0.0359375 0.17916666666666667
0.0 0.6109375 0.6416666666666667 0.0609375 0.1625
0.0 0.6875 0.6791666666666667 0.0578125 0.26458333333333334
0.0 0.95625 0.70625 0.0875 0.2604166666666667
0.0 0.215625 0.6854166666666667 0.04375 0.20625
0.0 0.0515625 0.69375 0.103125 0.325
0.0 0.3078125 0.65 0.146875 0.20416666666666666
