0.0 0.9484375 0.3568075117370892 0.103125 0.7065727699530516
0.0 0.10625 0.0892018779342723 0.0578125 0.1784037558685446
0.0 0.175 0.08215962441314555 0.1046875 0.1643192488262911
0.0 0.03125 0.30985915492957744 0.0625 0.6173708920187794
0.0 0.7171875 0.1784037558685446 0.1078125 0.352112676056338
0.0 0.5921875 0.10328638497652583 0.1734375 0.20657276995305165
0.0 0.4546875 0.11971830985915492 0.140625 0.24178403755868544
0.0 0.8421875 0.34976525821596244 0.1703125 0.44835680751173707
0.0 0.9125 0.07746478873239436 0.0859375 0.15023474178403756
0.0 0.3171875 0.13380281690140844 0.1234375 0.2676056338028169
