0.0 0.3046875 0.6885245901639344 0.1734375 0.5995316159250585
0.0 0.1484375 0.6861826697892272 0.1703125 0.6159250585480094
0.0 0.0421875 0.6206088992974239 0.0859375 0.5714285714285714
0.0 0.38125 0.8149882903981265 0.209375 0.34660421545667447
0.0 0.2078125 0.5199063231850117 0.0296875 0.08196721311475409
0.0 0.671875 0.8313817330210773 0.1078125 0.33489461358313816
0.0 0.2359375 0.48243559718969553 0.0328125 0.08899297423887588
0.0 0.9171875 0.8618266978922716 0.1625 0.2693208430913349
0.0 0.58125 0.8173302107728337 0.203125 0.36065573770491804
0.0 0.5328125 0.594847775175644 0.2359375 0.5081967213114754
