0.0 0.746875 0.2708333333333333 0.05625 0.11666666666666667
0.0 0.634375 0.29583333333333334 0.03125 0.09583333333333334
0.0 0.653125 0.10833333333333334 0.05625 0.10416666666666667
0.0 0.709375 0.3541666666666667 0.075 0.1875
0.0 0.275 0.3875 0.053125 0.20416666666666666
0.0 0.6 0.49166666666666664 0.7 0.9333333333333333
0.0 0.659375 0.19166666666666668 0.040625 0.1125
0.0 0.65625 0.37916666666666665 0.046875 0.1625
0.0 0.51875 0.14166666666666666 0.05 0.1125
0.0 0.721875 0.1875 0.05625 0.09583333333333334
0.0 0.03125 0.26666666666666666 0.0625 0.13333333333333333
0.0 0.303125 0.225 0.084375 0.17916666666666667
0.0 0.153125 0.49583333333333335 0.196875 0.8833333333333333
0.0 0.434375 0.25416666666666665 0.865625 0.5125
