0.0 0.42933333333333334 0.474 0.6 0.786
0.0 0.2906666666666667 0.066 0.12266666666666666 0.134
0.0 0.84 0.352 0.21866666666666668 0.286
0.0 0.9226666666666666 0.172 0.144 0.18
0.0 0.43733333333333335 0.178 0.13066666666666665 0.168
0.0 0.7866666666666666 0.184 0.13066666666666665 0.152
0.0 0.328 0.162 0.136 0.174
0.0 0.096 0.292 0.192 0.258
0.0 0.5146666666666667 0.082 0.144 0.136
0.0 0.656 0.178 0.136 0.166
0.0 0.544 0.168 0.10933333333333334 0.134
0.0 0.088 0.154 0.12533333333333332 0.148
0.0 0.7573333333333333 0.11 0.10933333333333334 0.172
0.0 0.5013333333333333 0.25 0.9973333333333333 0.5
