0.0 0.6765625 0.50625 0.0375 0.09166666666666666
0.0 0.8203125 0.5541666666666667 0.03125 0.175
0.0 0.6546875 0.6041666666666666 0.0703125 0.12916666666666668
0.0 0.3953125 0.5208333333333334 0.0328125 0.16041666666666668
0.0 0.8375 0.5416666666666666 0.021875 0.14791666666666667
0.0 0.290625 0.53125 0.0296875 0.1375
0.0 0.734375 0.5458333333333333 0.0375 0.14583333333333334
0.0 0.490625 0.5583333333333333 0.0421875 0.16666666666666666
0.0 0.5015625 0.4895833333333333 0.021875 0.04791666666666667
0.0 0.5359375 0.50625 0.05 0.06041666666666667
0.0 0.628125 0.5333333333333333 0.0453125 0.17708333333333334
