0.0 0.90625 0.15242494226327943 0.153125 0.26096997690531176
0.0 0.44375 0.48036951501154734 0.06875 0.20785219399538107
0.0 0.6609375 0.07621247113163972 0.075 0.10392609699769054
0.0 0.3203125 0.7713625866050808 0.08125 0.16628175519630484
0.0 0.33125 0.11085450346420324 0.0703125 0.17551963048498845
0.0 0.4859375 0.12240184757505773 0.196875 0.20554272517321015
0.0 0.5234375 0.792147806004619 0.16875 0.21247113163972287
0.0 0.0828125 0.7505773672055427 0.0734375 0.13394919168591224
0.0 0.7390625 0.74364896073903 0.06875 0.06466512702078522
0.0 0.91875 0.7644341801385681 0.1203125 0.16628175519630484
0.0 0.1140625 0.48267898383371827 0.1265625 0.19861431870669746
0.0 0.83125 0.48729792147806006 0.075 0.20785219399538107
0.0 0.7 0.5150115473441108 0.078125 0.2678983833718245
0.0 0.778125 0.48267898383371827 0.05 0.21709006928406466
