0.0 0.2953125 0.903755868544601 0.0328125 0.046948356807511735
0.0 0.365625 0.2605633802816901 0.071875 0.13380281690140844
0.0 0.5703125 0.8591549295774648 0.0265625 0.04225352112676056
0.0 0.3421875 0.9460093896713615 0.0390625 0.056338028169014086
0.0 0.490625 0.8474178403755869 0.0390625 0.07276995305164319
0.0 0.665625 0.8427230046948356 0.021875 0.04460093896713615
0.0 0.5609375 0.3779342723004695 0.0953125 0.11737089201877934
0.0 0.215625 0.823943661971831 0.0390625 0.07042253521126761
0.0 0.3546875 0.9577464788732394 0.0484375 0.07746478873239436
0.0 0.31875 0.9154929577464789 0.0359375 0.05868544600938967
0.0 0.334375 0.931924882629108 0.040625 0.05868544600938967
0.0 0.465625 0.8450704225352113 0.040625 0.07746478873239436
0.0 0.3640625 0.8615023474178404 0.015625 0.023474178403755867
0.0 0.4265625 0.8427230046948356 0.5390625 0.12206572769953052
