0.0 0.584375 0.6323185011709602 0.125 0.38875878220140514
0.0 0.778125 0.5737704918032787 0.0703125 0.3325526932084309
0.0 0.4453125 0.3770491803278688 0.0890625 0.2459016393442623
0.0 0.5359375 0.4847775175644028 0.0515625 0.12646370023419204
0.0 0.3359375 0.6112412177985949 0.1421875 0.3559718969555035
0.0 0.5765625 0.37236533957845436 0.1140625 0.2810304449648712
0.0 0.4265625 0.5644028103044496 0.0734375 0.31381733021077285
0.0 0.1234375 0.5339578454332553 0.0515625 0.19672131147540983
0.0 0.5 0.5971896955503513 0.0828125 0.36533957845433257
0.0 0.9171875 0.4894613583138173 0.1109375 0.5199063231850117
0.0 0.084375 0.6018735362997658 0.1265625 0.38173302107728335
0.0 0.790625 0.5175644028103045 0.11875 0.45901639344262296
0.0 0.675 0.6065573770491803 0.0734375 0.2810304449648712
0.0 0.5 0.4613583138173302 1.0 0.5199063231850117
