0.0 0.14375 0.7845433255269321 0.00625 0.00702576112412178
0.0 0.7015625 0.7962529274004684 0.003125 0.00702576112412178
0.0 0.709375 0.7985948477751756 0.003125 0.00234192037470726
0.0 0.734375 0.8032786885245902 0.003125 0.00936768149882904
0.0 0.6859375 0.7985948477751756 0.003125 0.00702576112412178
0.0 0.5265625 0.7915690866510539 0.0046875 0.00702576112412178
0.0 0.765625 0.8056206088992974 0.0046875 0.01873536299765808
0.0 0.6953125 0.7985948477751756 0.003125 0.00702576112412178
0.0 0.034375 0.7845433255269321 0.0046875 0.01405152224824356
0.0 0.5921875 0.7915690866510539 0.00625 0.00702576112412178
0.0 0.7453125 0.8056206088992974 0.003125 0.00936768149882904
