0.0 0.4484375 0.20833333333333334 0.15625 0.225
0.0 0.903125 0.19166666666666668 0.1171875 0.29583333333333334
0.0 0.1671875 0.5416666666666666 0.33125 0.7833333333333333
0.0 0.5859375 0.24166666666666667 0.0375 0.058333333333333334
0.0 0.89375 0.11458333333333333 0.0578125 0.13125
0.0 0.7859375 0.5083333333333333 0.428125 0.95625
0.0 0.8328125 0.20833333333333334 0.0765625 0.2708333333333333
0.0 0.3109375 0.22708333333333333 0.121875 0.175
0.0 0.434375 0.6395833333333333 0.325 0.7
0.0 0.6671875 0.22708333333333333 0.2609375 0.23125
0.0 0.8609375 0.09166666666666666 0.046875 0.09375
