0.0 0.7703125 0.41041666666666665 0.096875 0.27291666666666664
0.0 0.3578125 0.12083333333333333 0.0453125 0.05625
0.0 0.4109375 0.36666666666666664 0.1109375 0.3104166666666667
0.0 0.1109375 0.6458333333333334 0.1984375 0.4479166666666667
0.0 0.9203125 0.36041666666666666 0.0765625 0.38958333333333334
0.0 0.6265625 0.20208333333333334 0.040625 0.075
0.0 0.6859375 0.2791666666666667 0.0609375 0.20416666666666666
0.0 0.040625 0.4270833333333333 0.08125 0.275
0.0 0.9703125 0.33125 0.0578125 0.2625
0.0 0.4609375 0.19166666666666668 0.0453125 0.058333333333333334
0.0 0.5859375 0.36666666666666664 0.1078125 0.26666666666666666
0.0 0.8359375 0.375 0.0921875 0.35208333333333336
0.0 0.459375 0.27708333333333335 0.0625 0.13958333333333334
0.0 0.5 0.48125 1.0 0.9645833333333333
