0.0 0.7394366197183099 0.45 0.11502347417840375 0.084375
0.0 0.5469483568075117 0.5578125 0.27230046948356806 0.5171875
0.0 0.8215962441314554 0.3484375 0.07276995305164319 0.0625
0.0 0.45305164319248825 0.16875 0.06807511737089202 0.059375
0.0 0.8591549295774648 0.171875 0.035211267605633804 0.05
0.0 0.7230046948356808 0.1640625 0.07276995305164319 0.0953125
0.0 0.8309859154929577 0.29375 0.056338028169014086 0.0546875
0.0 0.3967136150234742 0.146875 0.051643192488262914 0.0421875
0.0 0.9084507042253521 0.284375 0.056338028169014086 0.0625
0.0 0.5821596244131455 0.1984375 0.056338028169014086 0.05625
0.0 0.7347417840375586 0.3703125 0.09624413145539906 0.071875
0.0 0.8215962441314554 0.4046875 0.08450704225352113 0.0671875
0.0 0.863849765258216 0.3203125 0.06807511737089202 0.0640625
0.0 0.5 0.3046875 0.9976525821596244 0.609375
