0.0 0.8578125 0.71875 0.071875 0.28541666666666665
0.0 0.6203125 0.7645833333333333 0.1078125 0.41458333333333336
0.0 0.571875 0.7 0.0328125 0.2604166666666667
0.0 0.5515625 0.6520833333333333 0.034375 0.19583333333333333
0.0 0.7375 0.69375 0.0703125 0.25
0.0 0.4359375 0.74375 0.0828125 0.3541666666666667
0.0 0.05 0.7208333333333333 0.096875 0.3229166666666667
0.0 0.1953125 0.7354166666666667 0.08125 0.33958333333333335
0.0 0.375 0.7 0.071875 0.30416666666666664
0.0 0.653125 0.6520833333333333 0.04375 0.14791666666666667
0.0 0.0890625 0.6166666666666667 0.0484375 0.11875
0.0 0.325 0.76875 0.090625 0.45625
0.0 0.4921875 0.6395833333333333 0.0421875 0.15
0.0 0.5 0.7625 0.9984375 0.47291666666666665
