0.0 0.11875 0.7703125 0.04583333333333333 0.1078125
0.0 0.15833333333333333 0.7796875 0.05 0.13125
0.0 0.20625 0.78125 0.04791666666666667 0.1171875
0.0 0.01875 0.771875 0.0375 0.1140625
0.0 0.18333333333333332 0.775 0.020833333333333332 0.1
0.0 0.50625 0.840625 0.11458333333333333 0.271875
0.0 0.3375 0.8640625 0.07291666666666667 0.19375
0.0 0.42083333333333334 0.865625 0.15 0.2578125
0.0 0.1375 0.7265625 0.020833333333333332 0.021875
0.0 0.1 0.7234375 0.020833333333333332 0.028125
0.0 0.04791666666666667 0.7703125 0.03125 0.090625
0.0 0.075 0.771875 0.04583333333333333 0.109375
0.0 0.2520833333333333 0.7734375 0.058333333333333334 0.109375
