0.0 0.6796875 0.5958333333333333 0.0234375 0.06666666666666667
0.0 0.6546875 0.6833333333333333 0.0640625 0.2708333333333333
0.0 0.5640625 0.6833333333333333 0.0734375 0.24791666666666667
0.0 0.7140625 0.5645833333333333 0.0171875 0.027083333333333334
0.0 0.6203125 0.6104166666666667 0.03125 0.12916666666666668
0.0 0.8203125 0.5854166666666667 0.0328125 0.07291666666666667
0.0 0.290625 0.68125 0.08125 0.3020833333333333
0.0 0.7203125 0.7041666666666667 0.059375 0.2604166666666667
0.0 0.9171875 0.7895833333333333 0.1 0.40208333333333335
0.0 0.8421875 0.7875 0.0703125 0.3020833333333333
0.0 0.4515625 0.7208333333333333 0.0796875 0.29583333333333334
0.0 0.4328125 0.6166666666666667 0.040625 0.15416666666666667
0.0 0.3796875 0.675 0.0546875 0.27291666666666664
0.0 0.665625 0.65625 0.4609375 0.28958333333333336
