0.0 0.8520833333333333 0.2171875 0.05625 0.0765625
0.0 0.7145833333333333 0.4703125 0.13958333333333334 0.171875
0.0 0.49166666666666664 0.528125 0.40208333333333335 0.8234375
0.0 0.6375 0.3921875 0.08125 0.1125
0.0 0.9208333333333333 0.359375 0.10833333333333334 0.1375
0.0 0.85 0.45625 0.13958333333333334 0.1890625
0.0 0.7479166666666667 0.2171875 0.11875 0.1171875
0.0 0.96875 0.315625 0.0625 0.1546875
0.0 0.7854166666666667 0.378125 0.10416666666666667 0.1171875
0.0 0.81875 0.259375 0.07083333333333333 0.0890625
0.0 0.6416666666666667 0.334375 0.12916666666666668 0.10625
0.0 0.60625 0.475 0.09375 0.175
0.0 0.7666666666666667 0.33125 0.10625 0.153125
0.0 0.7229166666666667 0.28125 0.5541666666666667 0.5640625
