0.0 0.4515625 0.23514851485148514 0.028125 0.07673267326732673
0.0 0.8625 0.4777227722772277 0.14375 0.3910891089108911
0.0 0.71875 0.46782178217821785 0.146875 0.49257425742574257
0.0 0.303125 0.1311881188118812 0.0203125 0.039603960396039604
0.0 0.0703125 0.33663366336633666 0.0625 0.09405940594059406
0.0 0.5265625 0.14603960396039603 0.0296875 0.10148514851485149
0.0 0.44375 0.3193069306930693 0.046875 0.19554455445544555
0.0 0.284375 0.3069306930693069 0.053125 0.2103960396039604
0.0 0.18125 0.1707920792079208 0.0375 0.1188118811881188
0.0 0.271875 0.13366336633663367 0.0125 0.034653465346534656
0.0 0.5828125 0.21287128712871287 0.028125 0.13861386138613863
0.0 0.6046875 0.15099009900990099 0.028125 0.10643564356435643
0.0 0.93125 0.38613861386138615 0.0546875 0.21287128712871287
0.0 0.5921875 0.22772277227722773 0.7 0.42326732673267325
